//NbTournees
1
//IdTournes NbColiss
0 17
//IdColis IdCommandeInColis NbProducts IdProd1 QtyProd1 IdProd2 QtyProd2 ...
0 1 7 49 1 269 1 22 1 48 2 33 2 42 2 51 1
1 1 17 12 1 35 1 154 1 177 2 273 1 6 1 150 1 209 1 168 1 139 1 121 1 219 1 166 1 155 1 262 1 93 1 289 1
2 1 17 35 1 51 1 177 1 143 1 199 1 6 1 150 1 140 1 168 1 156 1 229 1 217 1 116 1 155 1 288 1 137 1 289 1
3 1 15 177 1 260 1 142 1 6 1 150 1 208 1 168 1 156 1 229 1 217 1 8 1 222 1 288 1 37 1 289 1
4 1 14 273 1 142 1 6 1 227 1 208 1 164 1 207 1 229 1 217 1 108 1 163 1 282 1 37 1 289 1
5 1 13 228 1 133 1 227 1 246 1 164 1 207 1 229 1 217 1 120 1 163 1 248 1 40 1 251 1
6 1 12 150 1 227 1 168 1 167 1 144 1 134 1 217 1 107 1 147 1 172 1 265 1 251 1
7 1 11 227 1 168 1 167 1 144 1 221 1 149 1 107 1 147 1 136 1 278 1 261 1
8 1 10 168 1 167 1 174 1 158 1 165 1 135 1 94 1 190 1 272 1 252 1
9 1 9 138 1 174 1 219 1 165 1 135 1 82 1 190 1 258 1 239 1
10 1 8 153 1 219 1 165 1 151 1 274 1 190 1 258 1 115 1
11 1 6 219 1 165 1 151 1 225 1 190 1 242 1
12 1 5 166 1 155 1 225 1 80 1 83 1
13 1 4 155 1 193 1 250 1 83 1
14 1 3 287 1 81 1 45 1
15 1 2 1 1 257 1
16 1 1 289 1
