//NbTournees
35
//IdTournes NbColis
0 6
//IdColis IdCommandeInColis NbProducts IdProd1 QtyProd1 IdProd2 QtyProd2 ...
0 1 11 30 2 12 1 2 1 32 1 9 1 1 1 21 1 23 1 14 1 22 1 10 1
56 8 12 414 1 235 1 230 1 280 1 226 3 281 2 365 1 406 1 279 1 366 1 407 1 373 1
3 1 26 199 1 232 1 209 1 281 1 336 1 207 1 220 1 204 3 213 1 205 1 265 1 262 1 215 1 223 1 239 1 356 2 359 1 374 1 370 1 412 1 475 1 410 1 358 1 357 1 474 1 227 1
11 3 10 30 1 12 1 31 1 11 1 5 1 16 1 35 1 37 1 4 1 24 1
13 3 17 398 1 203 1 199 1 283 2 397 1 230 1 216 3 209 1 208 1 329 1 400 1 228 1 207 1 220 1 217 1 365 1 204 1
57 9 8 38 1 68 1 76 2 64 1 73 2 42 2 78 1 23 1
//IdTournes NbColis
1 6
//IdColis IdCommandeInColis NbProducts IdProd1 QtyProd1 IdProd2 QtyProd2 ...
1 1 5 456 1 45 1 136 2 48 1 317 1
12 3 16 53 1 48 1 54 1 182 1 60 1 184 1 175 1 191 1 61 1 173 1 180 1 188 1 177 1 50 1 170 1 166 1
40 6 18 222 1 206 5 324 1 211 2 339 1 213 2 354 2 215 2 223 1 409 1 210 1 244 1 374 1 464 1 482 1 418 1 386 3 373 2
58 9 7 84 1 456 1 45 1 136 1 106 1 183 1 261 1
59 9 9 136 1 452 1 119 1 91 1 89 1 52 1 257 1 191 1 479 1
80 12 14 174 2 197 1 179 2 189 1 173 1 188 2 177 2 260 2 247 1 259 1 163 1 51 2 443 1 159 1
//IdTournes NbColis
2 6
//IdColis IdCommandeInColis NbProducts IdProd1 QtyProd1 IdProd2 QtyProd2 ...
2 1 9 119 1 53 1 54 1 191 1 347 1 173 1 195 1 57 1 454 1
147 26 17 460 1 362 1 199 1 232 1 183 1 281 1 207 1 191 1 346 1 221 1 251 1 271 1 374 1 368 1 369 1 370 1 372 1
113 19 8 151 1 105 1 119 1 116 1 48 1 89 1 257 1 192 1
119 20 12 45 1 118 1 53 1 48 1 183 1 191 1 173 1 288 1 447 1 195 1 455 1 164 1
123 21 11 119 1 362 1 232 1 183 1 172 1 281 1 207 1 191 1 469 1 316 1 368 1
130 23 9 193 3 179 1 191 1 173 1 195 1 177 2 162 1 161 1 461 1
//IdTournes NbColis
3 6
//IdColis IdCommandeInColis NbProducts IdProd1 QtyProd1 IdProd2 QtyProd2 ...
4 2 8 17 1 68 1 27 2 63 1 62 1 26 1 20 1 3 3
84 13 9 12 1 9 1 96 1 429 2 3 1 430 2 14 1 71 1 6 1
15 4 12 28 1 68 1 64 1 27 1 15 2 66 1 18 1 21 1 71 1 6 1 69 1 24 1
33 6 7 12 1 7 1 9 1 20 1 6 1 25 3 8 1
41 7 6 68 1 27 1 62 1 110 1 70 1 65 1
104 16 12 207 1 220 1 217 3 382 1 365 3 222 2 206 5 339 2 221 1 354 3 355 3 219 1
//IdTournes NbColis
4 6
//IdColis IdCommandeInColis NbProducts IdProd1 QtyProd1 IdProd2 QtyProd2 ...
5 2 6 151 1 38 1 92 1 136 1 82 1 29 1
6 2 19 90 1 91 1 77 1 467 1 152 1 93 1 160 1 153 1 42 1 117 1 40 2 145 3 49 2 36 2 39 2 120 1 141 1 55 2 468 1
17 4 18 88 1 106 1 52 2 144 2 85 1 467 1 87 1 43 1 34 3 146 1 42 2 154 1 117 1 37 1 81 1 41 3 29 1 145 1
24 4 9 357 1 243 2 474 1 413 1 373 1 458 1 238 1 342 1 227 1
34 6 6 44 1 45 1 155 1 38 1 48 1 36 1
36 6 12 30 1 54 1 103 1 56 2 162 1 59 1 40 2 36 1 39 2 83 1 58 1 55 2
//IdTournes NbColis
5 6
//IdColis IdCommandeInColis NbProducts IdProd1 QtyProd1 IdProd2 QtyProd2 ...
7 2 7 453 1 266 3 203 5 175 1 199 1 264 1 268 4
8 2 19 268 1 186 1 323 2 191 1 204 1 201 2 190 1 173 1 346 1 205 1 188 2 260 1 262 2 316 1 470 1 334 1 192 1 185 1 246 1
101 16 9 452 1 182 1 349 1 302 1 174 3 196 4 198 1 183 1 172 2
135 24 13 286 1 129 1 182 1 174 4 198 1 304 1 258 1 172 1 197 1 186 1 254 1 189 1 200 2
141 25 13 129 1 182 1 266 1 272 1 203 3 335 1 175 2 199 1 333 1 183 1 179 1 189 1 200 2
162 29 8 452 1 272 2 380 2 144 4 325 1 257 1 269 1 381 2
//IdTournes NbColis
6 6
//IdColis IdCommandeInColis NbProducts IdProd1 QtyProd1 IdProd2 QtyProd2 ...
9 2 10 377 2 306 2 214 2 378 1 230 1 216 2 363 3 228 2 207 2 217 2
115 19 13 377 2 306 1 325 2 378 2 199 1 230 1 216 3 326 1 277 2 228 1 281 1 207 2 345 1
126 22 13 377 1 325 2 175 2 199 1 333 1 230 1 183 1 391 1 193 3 228 2 207 2 220 2 217 1
143 25 15 425 1 377 1 325 1 378 1 283 1 230 1 352 2 363 2 391 3 228 2 310 1 336 1 207 2 217 1 373 1
164 29 13 228 2 336 1 312 2 220 1 217 3 179 1 382 2 189 1 365 1 389 4 204 2 383 1 200 3
200 35 13 322 1 233 1 232 1 326 1 183 1 172 1 281 1 207 1 191 1 318 1 291 1 330 1 328 1
//IdTournes NbColis
7 6
//IdColis IdCommandeInColis NbProducts IdProd1 QtyProd1 IdProd2 QtyProd2 ...
10 2 16 382 1 206 3 213 1 354 2 215 2 355 1 279 1 416 1 409 1 212 3 401 2 419 1 418 1 402 1 386 5 243 1
23 4 17 213 2 420 1 307 1 354 1 225 4 356 6 219 6 210 2 401 2 419 2 374 1 475 1 282 3 410 1 411 1 439 2 386 5
70 10 15 206 4 339 1 213 3 311 1 354 1 215 2 223 1 417 1 212 4 340 1 411 1 439 1 459 1 345 1 373 1
77 11 21 221 1 215 2 225 5 279 1 393 3 385 1 212 1 394 2 463 1 340 1 368 1 466 1 369 1 370 1 408 1 410 1 372 1 386 1 413 1 373 2 227 1
105 16 11 355 2 219 4 212 2 244 2 464 1 242 1 371 1 241 1 238 1 465 1 227 1
138 24 15 382 2 383 2 211 1 406 1 221 1 354 2 215 1 279 1 385 2 356 1 212 5 387 1 386 1 243 1 373 1
//IdTournes NbColis
8 6
//IdColis IdCommandeInColis NbProducts IdProd1 QtyProd1 IdProd2 QtyProd2 ...
14 3 18 395 1 327 1 205 1 354 1 215 1 399 1 403 1 355 2 279 1 393 1 239 1 219 1 401 1 374 1 402 1 373 1 342 1 404 1
111 18 16 425 1 306 1 233 1 232 1 309 1 277 1 231 2 207 2 217 1 405 2 215 2 223 1 366 1 305 1 386 1 459 1
32 5 15 377 2 378 1 281 2 382 6 354 2 225 1 355 1 366 1 385 1 356 1 401 4 386 2 243 3 278 1 328 1
97 15 21 272 1 375 1 198 1 333 2 275 1 230 1 326 1 337 1 277 2 228 1 207 1 217 1 222 1 202 1 237 2 355 1 267 1 364 1 313 1 367 1 373 1
196 34 10 276 2 425 2 325 1 423 2 384 1 283 1 397 1 230 1 352 6 226 1
39 6 15 233 1 397 2 232 1 216 3 209 1 226 1 329 1 338 1 472 1 277 1 231 2 207 2 217 2 222 1 386 1
//IdTournes NbColis
9 6
//IdColis IdCommandeInColis NbProducts IdProd1 QtyProd1 IdProd2 QtyProd2 ...
16 4 5 151 2 90 1 91 1 82 2 145 1
18 4 10 29 1 145 1 36 2 51 1 150 2 83 1 438 1 159 1 157 2 55 1
42 7 8 456 1 45 1 90 1 91 1 82 2 88 1 108 1 159 1
65 10 13 101 3 52 2 156 1 148 1 152 1 133 1 450 1 160 1 79 1 75 1 449 1 149 1 74 1
66 10 11 147 1 145 2 49 1 36 3 39 1 78 1 158 1 47 1 159 1 157 1 55 1
73 11 14 92 1 91 1 104 1 88 1 106 1 52 2 73 2 153 1 163 1 41 1 36 1 47 2 159 2 141 1
//IdTournes NbColis
10 6
//IdColis IdCommandeInColis NbProducts IdProd1 QtyProd1 IdProd2 QtyProd2 ...
19 4 11 182 1 266 3 272 1 380 2 203 5 175 1 199 1 294 1 183 1 263 1 192 1
20 4 15 258 1 186 3 293 1 191 1 204 3 289 1 295 1 260 1 262 1 250 1 261 1 271 1 170 1 192 5 194 2
30 5 14 306 2 325 1 203 1 175 1 196 2 199 1 216 2 258 1 207 2 191 1 204 1 222 2 200 2 201 1
31 5 14 211 2 173 1 213 2 205 1 265 1 251 1 195 2 296 1 187 2 262 1 215 2 176 1 250 1 212 6
37 6 15 266 2 481 1 269 2 203 2 317 1 333 1 294 1 183 1 258 1 323 1 191 1 204 3 200 1 173 1 288 1
44 7 13 302 1 257 1 203 3 174 1 196 3 198 1 333 1 256 1 263 1 258 1 172 1 197 3 186 1
//IdTournes NbColis
11 6
//IdColis IdCommandeInColis NbProducts IdProd1 QtyProd1 IdProd2 QtyProd2 ...
21 4 11 276 1 325 1 214 4 275 2 397 2 232 2 216 1 226 2 329 1 338 1 217 1
116 19 16 220 2 382 1 365 1 204 3 222 1 200 2 206 2 201 4 211 2 308 1 218 1 379 1 205 1 215 2 355 2 342 1
154 27 11 281 1 207 2 220 2 217 3 382 3 204 1 222 6 200 3 206 2 201 1 225 1
172 30 14 323 1 231 2 207 2 293 1 382 2 191 1 365 1 222 2 200 5 206 3 211 1 339 1 173 1 218 1
47 7 10 325 1 397 3 230 2 352 4 209 1 363 3 226 1 274 1 277 1 228 2
69 10 14 276 2 235 1 325 3 214 1 232 1 281 2 207 2 220 1 217 1 382 1 365 2 206 2 219 1 458 1
//IdTournes NbColis
12 6
//IdColis IdCommandeInColis NbProducts IdProd1 QtyProd1 IdProd2 QtyProd2 ...
22 4 11 338 1 472 1 281 2 310 1 207 2 217 5 365 1 222 3 206 5 339 2 213 1
92 14 18 266 1 306 1 302 1 325 1 203 1 233 1 232 1 294 1 329 1 258 1 231 2 207 2 217 1 191 1 365 1 222 2 173 1 328 1
144 25 19 382 4 365 1 222 2 206 3 308 1 218 3 215 2 237 2 399 1 355 1 279 1 385 1 356 1 212 1 394 1 313 1 241 1 404 1 227 1
185 32 15 378 2 283 1 230 1 216 2 326 1 422 1 226 2 329 1 228 2 207 2 220 1 217 2 365 1 222 1 339 1
202 36 19 396 1 272 1 445 1 233 1 264 1 232 1 337 1 183 1 300 1 331 1 277 1 281 2 207 2 220 1 217 1 191 1 365 1 173 1 205 1
61 9 14 199 1 230 1 422 1 228 2 207 2 220 1 217 1 204 1 222 1 213 1 327 1 265 1 244 1 419 1
//IdTournes NbColis
13 6
//IdColis IdCommandeInColis NbProducts IdProd1 QtyProd1 IdProd2 QtyProd2 ...
25 5 4 12 1 13 1 6 3 10 1
50 8 4 68 1 64 1 15 1 10 1
62 10 9 68 1 112 1 15 1 130 2 26 2 67 1 69 1 24 1 65 1
71 11 8 68 1 27 1 13 1 94 1 9 1 429 1 426 1 65 1
78 12 11 38 1 68 1 13 1 43 1 9 1 18 1 42 3 16 1 429 1 25 1 141 2
81 12 13 302 1 203 1 378 1 198 1 351 2 283 1 397 5 230 1 273 1 280 1 352 2 209 1 386 1
//IdTournes NbColis
14 6
//IdColis IdCommandeInColis NbProducts IdProd1 QtyProd1 IdProd2 QtyProd2 ...
26 5 4 46 2 48 1 30 2 101 3
27 5 15 101 1 19 1 52 1 153 1 43 1 18 1 34 3 42 1 41 1 40 1 49 1 36 3 47 1 33 1 141 2
43 7 8 106 1 31 1 134 1 72 1 51 1 438 1 47 1 157 1
51 8 6 84 1 45 1 80 1 76 2 89 1 27 1
52 8 4 27 2 31 1 134 2 86 1
63 10 5 456 1 45 1 38 2 76 1 106 1
//IdTournes NbColis
15 6
//IdColis IdCommandeInColis NbProducts IdProd1 QtyProd1 IdProd2 QtyProd2 ...
28 5 6 456 1 105 1 118 1 249 2 156 1 121 1
29 5 17 249 1 53 1 54 1 56 2 156 1 61 1 161 1 163 1 154 1 145 2 246 1 122 1 120 3 480 1 159 3 55 1 285 1
53 8 8 136 1 91 1 453 1 106 1 451 1 287 1 57 1 454 1
197 34 11 422 2 226 3 391 2 400 1 315 1 415 1 228 2 207 2 220 2 217 4 365 2
35 6 5 97 1 136 2 119 1 53 1 30 1
48 7 11 207 2 220 2 217 3 382 5 365 2 383 1 376 6 211 1 406 1 307 1 354 1
//IdTournes NbColis
16 6
//IdColis IdCommandeInColis NbProducts IdProd1 QtyProd1 IdProd2 QtyProd2 ...
38 6 8 251 1 195 2 297 1 295 3 316 1 250 2 185 1 319 1
45 7 17 186 1 252 1 254 1 179 2 189 1 204 2 200 3 201 1 190 1 173 1 202 2 205 2 265 1 168 1 251 1 188 2 177 2
46 7 7 248 1 261 2 192 1 253 1 194 1 171 1 255 1
68 10 13 201 1 173 1 346 1 205 1 195 2 295 2 296 1 250 2 194 1 171 1 305 1 320 1 348 1
88 13 15 200 2 173 1 205 1 195 2 177 3 295 2 262 4 176 2 321 1 250 1 192 3 299 3 194 2 171 1 348 1
102 16 14 293 2 179 2 189 1 204 3 200 1 201 4 202 1 181 1 177 1 262 1 164 1 169 1 192 6 194 3
//IdTournes NbColis
17 6
//IdColis IdCommandeInColis NbProducts IdProd1 QtyProd1 IdProd2 QtyProd2 ...
49 7 9 354 1 215 2 239 2 219 6 212 5 394 2 401 5 457 1 313 1
90 13 18 217 1 365 1 222 4 206 2 211 1 339 1 218 1 213 2 354 2 215 2 279 1 393 1 219 3 212 4 471 1 340 1 358 1 238 1
173 30 17 213 1 205 1 195 2 178 1 229 1 177 3 354 2 215 2 225 4 223 1 321 2 366 1 219 2 212 2 299 4 185 1 194 1
199 34 9 356 1 219 4 212 6 401 2 313 1 387 2 386 2 373 1 227 1
82 12 18 226 2 228 2 207 2 217 1 382 1 204 3 201 1 339 1 218 1 205 1 354 1 215 2 237 1 270 1 355 1 279 1 385 3 212 1
107 17 16 214 1 203 2 175 1 226 2 204 1 222 3 206 4 213 2 168 1 237 2 225 1 176 1 239 1 212 1 210 2 243 1
//IdTournes NbColis
18 6
//IdColis IdCommandeInColis NbProducts IdProd1 QtyProd1 IdProd2 QtyProd2 ...
54 8 15 257 1 175 1 199 1 333 2 275 2 209 1 363 3 208 1 183 1 304 1 300 1 277 2 172 1 207 1 222 1
171 30 12 224 1 380 1 302 2 214 2 384 1 203 3 378 1 233 1 232 1 216 3 183 1 234 1
55 8 16 207 1 179 1 191 1 204 2 222 2 200 2 173 1 205 1 265 2 251 1 195 2 215 2 259 1 219 1 192 1 301 1
89 13 13 325 1 214 3 378 1 232 1 216 1 363 2 226 1 338 1 281 2 336 1 207 2 220 3 219 1
153 27 15 272 2 325 1 214 2 269 2 203 1 378 1 199 1 275 1 264 1 232 1 216 2 208 1 277 1 281 1 212 1
159 28 14 302 1 199 1 207 1 220 1 217 1 382 3 204 1 222 2 206 1 213 1 355 1 356 1 394 1 439 1
//IdTournes NbColis
19 6
//IdColis IdCommandeInColis NbProducts IdProd1 QtyProd1 IdProd2 QtyProd2 ...
60 9 5 192 4 145 1 120 1 443 1 47 1
79 12 8 45 1 92 1 91 1 104 2 88 1 106 1 144 2 197 1
151 27 13 136 1 119 1 89 1 317 2 172 1 193 1 186 1 179 2 191 1 180 1 251 1 295 1 176 1
86 13 16 30 2 54 1 52 1 437 1 99 1 43 1 42 1 154 2 41 1 51 2 433 1 39 2 102 1 120 1 33 2 157 1
91 14 13 53 1 48 1 30 2 100 1 95 1 27 1 101 1 98 1 9 1 74 1 108 1 107 1 10 1
100 16 13 104 1 88 1 106 1 52 1 128 1 42 2 448 3 29 2 127 1 108 1 120 2 47 1 159 1
//IdTournes NbColis
20 6
//IdColis IdCommandeInColis NbProducts IdProd1 QtyProd1 IdProd2 QtyProd2 ...
64 10 6 136 2 90 1 91 1 76 1 89 1 115 1
121 21 5 125 1 45 1 105 2 53 1 48 1
131 23 27 203 1 362 1 199 1 232 1 415 2 281 1 207 1 217 1 200 1 205 1 307 1 262 2 215 1 237 2 270 1 223 1 271 1 368 1 370 1 408 1 282 1 410 1 372 1 402 1 413 1 373 2 404 1
133 24 6 84 1 456 1 45 1 92 1 76 1 88 1
134 24 18 90 1 91 1 76 1 89 1 106 1 52 1 144 1 85 1 43 1 34 1 81 1 36 2 51 2 120 1 443 1 47 1 159 1 141 1
161 29 13 76 1 104 1 88 2 106 1 143 1 437 1 135 1 42 1 36 1 39 1 47 3 25 3 141 2
//IdTournes NbColis
21 6
//IdColis IdCommandeInColis NbProducts IdProd1 QtyProd1 IdProd2 QtyProd2 ...
67 10 14 272 1 380 1 302 1 350 1 203 3 199 1 264 1 268 2 183 1 258 1 293 2 191 1 204 2 201 2
74 11 18 175 2 196 1 199 1 183 1 290 1 186 1 323 2 293 2 252 1 254 1 179 1 191 1 204 3 201 1 173 1 205 1 195 1 192 1
75 11 8 195 1 260 1 296 1 187 1 334 1 192 1 301 1 320 1
87 13 15 266 1 272 1 380 1 302 1 203 2 317 1 199 1 294 1 268 3 183 1 186 1 323 2 191 1 204 1 200 1
127 22 15 217 2 191 1 204 4 200 5 201 1 173 1 218 2 205 1 188 2 215 2 355 2 462 1 219 1 194 1 278 1
136 24 6 200 1 201 4 173 1 205 1 265 1 188 2
//IdTournes NbColis
22 6
//IdColis IdCommandeInColis NbProducts IdProd1 QtyProd1 IdProd2 QtyProd2 ...
72 11 6 44 1 456 1 45 1 92 1 104 1 42 1
140 25 7 90 1 91 1 82 2 106 1 128 2 85 1 99 1
160 29 6 456 1 45 1 38 1 92 1 91 1 68 1
169 30 4 44 1 45 1 136 2 91 1
176 31 9 136 1 91 1 48 1 89 1 106 1 134 1 61 1 85 1 142 1
179 32 6 84 1 456 1 45 1 38 1 104 1 106 1
//IdTournes NbColis
23 6
//IdColis IdCommandeInColis NbProducts IdProd1 QtyProd1 IdProd2 QtyProd2 ...
76 11 12 425 1 306 1 214 1 230 1 337 1 281 2 207 2 382 5 206 5 211 1 213 2 313 1
137 24 13 424 1 423 2 378 2 275 1 230 1 352 1 353 2 391 2 277 1 228 2 312 2 382 3 215 1
163 29 15 381 1 203 1 174 1 378 2 473 1 198 1 275 1 230 1 353 3 183 1 277 2 258 1 193 2 186 1 483 1
177 31 22 335 1 199 1 333 1 230 1 183 1 281 1 310 1 336 1 207 1 217 2 191 1 365 1 206 1 173 1 308 1 205 1 195 1 296 1 215 1 477 1 185 1 313 1
189 33 16 119 1 257 1 199 1 232 1 183 1 277 1 172 2 281 1 207 1 191 1 173 1 205 1 195 1 215 1 279 1 185 1
93 14 11 180 1 288 1 251 1 195 2 405 2 215 2 223 1 419 1 369 1 412 1 411 1
//IdTournes NbColis
24 6
//IdColis IdCommandeInColis NbProducts IdProd1 QtyProd1 IdProd2 QtyProd2 ...
83 12 8 356 2 401 1 244 1 387 1 282 1 241 1 386 2 278 1
120 20 9 233 1 232 1 234 1 231 1 336 1 207 1 215 1 223 1 417 1
167 29 12 424 1 283 1 422 1 237 1 385 1 244 1 236 1 464 1 388 1 387 1 372 1 386 4
174 30 7 393 2 385 1 356 1 401 4 236 1 240 1 238 1
205 37 14 233 1 232 1 183 1 231 1 207 1 191 1 361 1 173 1 205 1 195 1 215 1 316 1 223 1 371 1
95 15 6 460 1 456 1 45 1 105 1 48 1 174 1
//IdTournes NbColis
25 6
//IdColis IdCommandeInColis NbProducts IdProd1 QtyProd1 IdProd2 QtyProd2 ...
85 13 6 432 1 45 1 105 1 136 1 53 1 48 1
99 16 6 456 1 45 1 92 1 90 1 91 1 82 1
106 17 6 115 1 110 1 117 1 51 1 25 1 111 1
110 18 17 118 1 53 1 48 1 298 1 172 1 191 1 292 1 173 1 181 1 288 1 195 2 297 1 177 1 296 1 291 1 299 1 285 1
125 22 6 45 1 105 2 53 1 48 1 54 1 169 1
129 23 8 45 1 105 1 119 1 53 1 48 1 54 1 257 1 183 1
//IdTournes NbColis
26 6
//IdColis IdCommandeInColis NbProducts IdProd1 QtyProd1 IdProd2 QtyProd2 ...
94 15 4 30 2 12 1 9 1 10 1
108 18 6 113 1 30 2 100 1 95 1 101 1 10 1
168 30 9 97 1 132 2 31 1 431 1 7 1 32 1 137 1 429 1 36 1
201 36 10 105 1 53 1 48 1 30 2 12 1 54 1 57 1 66 1 34 2 16 1
98 16 6 28 1 68 1 112 1 27 2 71 1 109 1
103 16 10 276 2 224 1 235 1 396 1 325 3 423 1 230 1 352 5 228 2 207 1
//IdTournes NbColis
27 6
//IdColis IdCommandeInColis NbProducts IdProd1 QtyProd1 IdProd2 QtyProd2 ...
96 15 9 105 1 53 1 54 1 256 1 183 1 293 2 252 1 189 1 190 1
114 19 14 106 1 165 1 175 1 290 1 193 3 191 1 173 1 180 1 188 2 187 1 176 1 192 1 319 1 320 1
158 28 10 92 1 90 1 104 1 88 1 106 1 52 1 175 2 183 1 191 1 260 1
142 25 13 200 1 201 1 190 1 173 1 202 1 379 1 180 1 205 1 188 2 177 3 260 2 271 1 194 1
152 27 8 245 1 176 1 321 1 476 1 299 1 145 1 108 1 443 1
165 29 16 200 1 343 1 376 5 339 2 173 1 218 1 205 1 420 1 188 2 354 1 215 2 355 1 279 1 219 3 212 6 463 1
//IdTournes NbColis
28 6
//IdColis IdCommandeInColis NbProducts IdProd1 QtyProd1 IdProd2 QtyProd2 ...
109 18 5 151 1 460 1 114 1 45 1 290 1
183 32 16 172 1 193 1 179 2 191 1 204 4 200 2 379 2 289 2 251 2 178 1 177 2 444 1 187 1 185 1 319 1 320 1
193 34 7 452 1 266 2 380 2 302 3 203 4 174 2 258 1
117 19 8 355 1 279 1 393 1 366 1 344 1 212 2 394 1 439 1
145 26 5 456 1 45 1 136 2 68 1 89 1
150 27 6 84 1 456 1 45 1 136 1 91 1 106 1
//IdTournes NbColis
29 6
//IdColis IdCommandeInColis NbProducts IdProd1 QtyProd1 IdProd2 QtyProd2 ...
112 19 4 30 2 31 1 11 1 109 1
118 20 6 113 1 97 2 30 2 100 1 95 1 99 1
122 21 3 30 1 12 1 54 1
124 22 4 440 1 30 2 12 1 441 1
128 23 10 30 2 12 1 31 1 126 1 72 1 73 2 79 1 26 1 34 1 35 1
146 26 5 119 1 91 1 132 1 106 1 96 1
//IdTournes NbColis
30 6
//IdColis IdCommandeInColis NbProducts IdProd1 QtyProd1 IdProd2 QtyProd2 ...
132 24 8 68 1 112 1 139 1 19 1 18 1 124 1 123 1 25 1
139 25 3 68 1 27 1 26 2
148 27 7 28 1 68 1 132 2 27 2 43 1 78 1 131 1
149 27 7 134 3 13 1 446 1 35 1 39 1 71 1 131 1
156 28 4 68 1 27 1 21 1 36 1
175 31 4 132 1 30 1 140 1 138 1
//IdTournes NbColis
31 6
//IdColis IdCommandeInColis NbProducts IdProd1 QtyProd1 IdProd2 QtyProd2 ...
155 27 18 201 1 213 1 221 1 311 1 262 1 270 1 225 3 267 1 385 2 239 1 219 2 212 4 271 1 401 1 478 1 367 1 386 4 243 1
186 32 14 222 2 206 1 339 2 218 1 327 1 221 1 420 1 355 1 393 1 212 6 401 1 236 1 421 1 373 2
203 36 8 195 2 215 2 223 1 332 1 210 1 340 1 341 1 386 2
191 34 8 44 1 38 1 91 1 82 2 115 1 106 1 161 1 434 1
192 34 6 101 1 31 2 437 1 435 1 161 1 436 1
198 34 14 222 4 383 1 206 7 376 1 211 2 339 3 314 1 308 1 218 1 213 1 215 2 237 1 279 1 344 1
//IdTournes NbColis
32 6
//IdColis IdCommandeInColis NbProducts IdProd1 QtyProd1 IdProd2 QtyProd2 ...
157 28 6 84 1 456 1 45 1 92 1 91 1 104 1
170 30 4 48 1 89 1 106 1 167 1
180 32 5 38 1 92 2 90 1 91 1 104 1
181 32 10 88 1 103 1 101 1 31 1 146 1 448 2 29 2 433 1 141 2 442 1
187 33 5 456 1 45 1 105 2 91 1 48 1
188 33 4 132 2 89 1 106 1 103 1
//IdTournes NbColis
33 6
//IdColis IdCommandeInColis NbProducts IdProd1 QtyProd1 IdProd2 QtyProd2 ...
166 29 7 463 1 192 2 145 1 194 1 120 3 313 1 392 2
182 32 12 182 1 266 3 272 1 302 1 269 1 203 3 175 3 199 1 294 1 183 1 300 1 193 1
194 34 17 198 1 303 1 258 1 193 1 186 2 179 1 189 1 204 3 200 6 173 1 202 1 379 1 205 1 168 1 251 1 188 1 192 1
195 34 8 188 1 284 1 177 1 260 2 262 1 261 1 192 3 194 2
178 32 4 28 1 68 1 27 2 139 1
184 32 6 276 3 360 1 390 1 325 3 214 7 378 1
//IdTournes NbColis
34 2
//IdColis IdCommandeInColis NbProducts IdProd1 QtyProd1 IdProd2 QtyProd2 ...
190 34 5 68 1 428 1 70 1 427 1 10 1
204 37 9 113 1 97 1 53 1 48 1 30 1 100 1 54 1 435 1 78 1
