//NbTournees
3
//IdTournes NbColis
0 6
//IdColis IdCommandeInColis NbProducts IdProd1 QtyProd1 IdProd2 QtyProd2 ...
0 1 8 15 1 1 1 11 1 10 1 14 1 6 1 8 1 9 1
5 2 18 22 1 56 1 40 1 7 1 15 1 1 2 27 1 13 1 49 1 34 1 26 1 54 1 55 1 33 1 57 1 50 1 4 1 36 1
6 2 10 3 1 31 1 43 1 46 1 47 1 10 1 44 1 17 1 41 1 20 1
10 3 16 56 1 72 1 70 1 58 1 61 1 21 1 60 1 48 1 42 1 65 1 47 1 30 1 28 1 16 1 38 1 2 1
13 4 10 18 1 21 1 23 1 36 1 39 1 29 1 5 1 12 2 10 1 35 1
1 1 14 45 1 107 2 25 1 62 1 40 1 92 1 109 1 122 2 24 1 104 2 72 1 27 1 51 1 49 1
//IdTournes NbColis
1 6
//IdColis IdCommandeInColis NbProducts IdProd1 QtyProd1 IdProd2 QtyProd2 ...
2 1 19 49 1 76 1 34 1 52 1 64 1 67 1 73 1 111 1 74 1 61 1 86 2 93 1 77 1 105 1 60 1 57 1 85 1 50 1 65 1
3 1 17 102 1 115 2 42 1 19 1 65 1 29 1 75 1 96 1 124 1 32 1 79 2 119 1 95 1 123 2 125 1 28 1 37 1
14 4 18 83 1 106 1 89 1 116 1 108 1 101 1 122 1 104 1 72 1 49 1 98 1 121 1 88 1 61 2 71 1 120 1 57 1 95 1
15 4 19 57 1 118 2 85 2 87 2 84 2 65 1 75 1 46 1 81 1 47 1 59 1 124 1 79 2 119 1 95 1 123 2 125 1 53 1 117 1
7 2 16 99 1 83 2 116 1 112 2 107 1 69 1 91 1 92 1 103 2 78 1 63 1 72 1 97 1 76 1 138 1 139 1
8 2 26 121 1 90 1 74 1 113 1 71 1 126 1 114 1 65 1 68 1 94 1 124 1 66 1 82 1 79 2 119 1 95 1 123 2 142 1 125 1 117 1 143 1 134 2 137 1 140 1 141 5 139 4
//IdTournes NbColis
2 6
//IdColis IdCommandeInColis NbProducts IdProd1 QtyProd1 IdProd2 QtyProd2 ...
4 1 33 173 1 129 1 169 2 171 1 172 1 174 1 170 1 180 1 148 1 189 1 162 1 156 1 157 1 191 1 146 2 166 1 154 2 176 1 178 1 190 1 134 2 145 1 163 1 160 1 137 1 158 1 175 1 182 1 153 1 164 5 188 1 141 5 139 5
9 2 16 155 1 148 1 149 1 162 1 156 1 157 2 146 2 166 2 154 3 167 1 152 1 160 1 168 1 158 1 153 1 164 5
11 3 22 165 1 83 1 103 1 80 1 118 2 85 1 100 1 84 1 131 2 110 1 96 1 81 1 124 1 79 2 119 1 95 1 123 2 125 1 159 1 162 1 157 1 141 1
12 3 15 146 2 144 1 151 1 150 1 154 1 134 2 163 1 160 1 161 1 137 1 158 1 153 1 135 4 141 3 139 4
16 4 19 128 1 147 1 129 1 130 1 127 1 132 1 131 1 177 2 149 1 146 2 179 1 134 2 145 2 137 1 136 1 138 1 141 5 139 5 133 1
17 4 18 187 1 189 1 162 1 157 1 166 2 154 2 181 2 163 1 160 2 168 2 184 1 183 1 158 2 153 1 164 5 185 1 186 1 188 1
