//NbTournees
187
//IdTournes NbColis
0 6
//IdColis IdCommandeInColis NbProducts IdProd1 QtyProd1 IdProd2 QtyProd2 ...
0 1 6 22 1 12 1 6 4 8 1 1 1 261 1
9 2 7 12 1 15 1 6 3 55 1 58 1 1 1 17 1
22 3 15 12 1 30 2 13 1 14 1 29 1 18 1 31 1 7 1 2 1 23 1 10 2 11 1 54 1 28 1 9 1
32 4 6 12 1 13 1 6 1 57 1 3 1 56 1
45 5 8 5 1 12 1 6 3 57 1 58 1 52 1 3 2 19 1
62 6 9 5 1 12 1 4 1 6 2 53 1 16 1 20 1 11 1 54 2
//IdTournes NbColis
1 6
//IdColis IdCommandeInColis NbProducts IdProd1 QtyProd1 IdProd2 QtyProd2 ...
1 1 7 49 1 269 1 48 2 33 2 42 2 35 1 51 1
2 1 16 35 1 51 1 273 2 82 1 274 1 262 1 80 1 81 1 93 1 37 2 40 1 265 1 278 1 272 1 83 2 45 1
24 3 7 33 2 42 2 88 1 76 1 44 2 51 1 267 1
10 2 6 67 2 62 1 22 1 48 2 87 1 266 1
11 2 6 33 2 42 2 70 1 30 2 44 1 63 1
12 2 4 44 3 35 3 74 1 69 1
//IdTournes NbColis
2 6
//IdColis IdCommandeInColis NbProducts IdProd1 QtyProd1 IdProd2 QtyProd2 ...
3 1 10 154 1 177 4 143 1 142 2 133 1 150 4 140 1 164 2 138 1 139 1
4 1 14 156 2 153 1 121 1 134 1 158 1 165 4 116 1 108 1 120 1 107 2 135 2 151 2 155 4 163 2
16 2 10 168 1 164 3 167 4 148 3 130 1 106 1 111 1 161 2 156 4 215 1
17 2 15 184 1 144 3 174 1 121 1 134 1 158 2 219 2 217 3 165 1 197 1 108 1 186 1 170 3 198 3 193 1
18 2 15 110 1 182 3 120 1 107 2 114 2 183 3 173 1 109 1 135 3 151 2 155 2 129 1 185 1 157 1 147 3
19 2 11 175 2 176 1 172 2 136 1 190 6 179 1 160 1 162 1 181 1 131 1 115 1
//IdTournes NbColis
3 6
//IdColis IdCommandeInColis NbProducts IdProd1 QtyProd1 IdProd2 QtyProd2 ...
5 1 5 94 1 282 1 136 1 137 1 115 1
27 3 20 164 1 138 1 180 1 130 1 106 1 161 1 153 1 121 1 134 1 165 2 108 1 182 1 107 2 109 1 281 1 135 2 99 1 163 2 104 1 141 1
28 3 8 104 1 100 1 175 2 136 1 160 1 122 1 131 1 280 1
26 3 11 124 2 119 1 143 2 213 1 142 2 214 2 150 1 196 2 216 1 140 2 161 1
35 4 5 271 1 269 1 283 1 103 1 90 2
37 4 13 196 1 140 2 187 1 168 6 189 1 178 1 138 1 139 1 130 2 106 2 111 1 161 1 144 1
//IdTournes NbColis
4 6
//IdColis IdCommandeInColis NbProducts IdProd1 QtyProd1 IdProd2 QtyProd2 ...
6 1 10 260 1 199 1 228 1 227 4 209 1 208 2 246 1 168 6 167 1 172 1
29 3 12 171 1 260 2 228 1 227 1 209 1 188 1 244 4 208 2 246 1 168 2 189 1 148 1
31 3 19 297 1 169 1 221 1 219 1 166 2 197 1 191 1 285 1 192 1 183 1 303 1 185 1 302 2 147 2 193 1 241 1 172 1 239 2 311 1
7 1 10 167 2 207 2 144 2 174 2 229 4 221 1 219 4 217 5 149 1 222 1
8 1 16 166 2 147 2 225 2 193 1 287 1 288 2 248 1 190 4 250 1 258 2 242 1 257 1 289 5 251 2 252 1 239 1
20 2 12 253 1 234 2 292 1 260 1 228 3 227 3 209 1 236 1 208 2 304 1 226 1 301 1
//IdTournes NbColis
5 6
//IdColis IdCommandeInColis NbProducts IdProd1 QtyProd1 IdProd2 QtyProd2 ...
13 2 15 35 1 39 1 63 1 87 1 21 1 79 2 60 1 25 1 66 1 24 1 37 3 86 2 40 1 59 1 47 2
33 4 11 49 1 71 1 48 2 33 2 42 2 75 1 87 1 61 1 46 1 47 1 65 1
34 4 13 30 1 44 1 39 1 68 1 72 1 73 1 29 1 43 1 264 1 64 1 37 1 40 2 45 2
47 5 8 22 1 48 2 33 2 42 2 70 1 30 1 36 1 86 1
64 6 8 67 1 48 1 33 2 42 2 70 1 30 1 34 1 47 1
49 5 11 44 2 35 1 39 1 82 1 32 1 21 2 80 1 81 2 37 1 40 2 28 1
//IdTournes NbColis
6 6
//IdColis IdCommandeInColis NbProducts IdProd1 QtyProd1 IdProd2 QtyProd2 ...
14 2 16 269 1 76 1 273 4 270 1 104 1 95 1 96 1 94 1 105 1 268 1 101 1 89 2 278 1 92 1 296 3 294 1
50 5 13 271 1 269 1 76 1 273 3 98 1 105 1 91 1 89 1 93 4 295 2 272 1 90 4 296 2
66 6 8 279 1 271 1 269 1 273 1 276 1 97 1 92 1 277 1
25 3 13 39 2 273 1 270 1 82 2 274 1 32 1 37 2 40 1 41 1 272 1 92 1 296 3 275 1
23 3 7 84 1 49 1 271 1 269 1 48 2 50 1 38 1
51 5 1 102 1
//IdTournes NbColis
7 6
//IdColis IdCommandeInColis NbProducts IdProd1 QtyProd1 IdProd2 QtyProd2 ...
15 2 8 177 1 213 2 199 3 150 3 196 1 188 2 140 1 168 6
36 4 8 177 2 143 3 213 1 210 1 218 2 150 6 196 2 148 1
38 4 8 161 3 156 3 184 1 144 2 174 6 169 4 200 3 163 1
39 4 11 200 2 121 2 152 3 134 1 158 1 219 5 194 1 211 1 212 4 217 3 165 2
40 4 15 165 1 166 3 159 1 197 2 108 1 170 2 198 3 110 1 182 1 123 1 107 2 109 2 135 3 151 2 129 1
41 4 11 151 1 155 1 163 5 147 3 193 1 175 2 176 2 172 5 190 7 160 4 117 2
//IdTournes NbColis
8 6
//IdColis IdCommandeInColis NbProducts IdProd1 QtyProd1 IdProd2 QtyProd2 ...
21 2 24 226 1 223 1 205 1 207 2 229 3 245 1 307 2 225 1 287 2 247 1 256 3 235 1 259 2 240 1 254 1 206 1 242 3 301 1 255 1 289 4 249 1 299 2 243 1 204 2
44 4 22 229 7 221 1 245 1 222 2 225 3 300 1 288 2 248 1 250 1 312 1 259 2 284 1 313 1 309 1 301 1 237 1 310 1 289 6 308 1 299 1 252 1 311 1
59 5 13 292 1 260 1 227 1 209 1 236 1 208 2 290 1 226 3 223 2 205 1 207 3 229 2 287 1
61 5 8 240 1 202 1 206 1 258 1 301 1 289 2 239 1 204 1
71 6 10 291 1 234 1 231 1 227 1 232 1 209 1 236 1 244 9 208 1 237 1
73 6 11 233 1 225 5 241 2 248 2 235 1 259 1 240 1 224 1 289 1 239 1 204 2
//IdTournes NbColis
9 6
//IdColis IdCommandeInColis NbProducts IdProd1 QtyProd1 IdProd2 QtyProd2 ...
30 3 8 167 4 226 6 286 2 223 2 207 2 144 2 174 1 308 1
43 4 9 306 1 227 1 209 1 244 2 208 2 226 7 305 1 207 3 299 1
72 6 8 208 1 290 1 226 7 207 2 229 4 230 1 222 5 238 1
60 5 13 229 1 221 2 203 1 222 3 225 7 287 2 300 1 248 1 298 1 250 7 256 1 259 2 240 2
52 5 10 128 1 154 1 177 4 213 2 214 3 150 1 196 1 188 2 126 1 168 2
53 5 6 168 5 164 1 167 7 148 2 106 2 161 4
//IdTournes NbColis
10 6
//IdColis IdCommandeInColis NbProducts IdProd1 QtyProd1 IdProd2 QtyProd2 ...
42 4 2 127 1 137 2
55 5 5 152 1 134 1 158 7 219 9 194 7
56 5 12 217 7 165 2 166 1 159 1 197 3 108 1 170 1 198 4 182 1 192 1 107 2 114 2
57 5 14 195 1 135 3 113 1 155 2 129 1 185 1 157 1 163 4 147 3 132 1 193 1 172 6 136 1 190 4
58 5 5 190 3 160 5 117 1 162 3 201 1
67 6 6 128 1 124 2 177 4 133 1 150 5 196 4
//IdTournes NbColis
11 6
//IdColis IdCommandeInColis NbProducts IdProd1 QtyProd1 IdProd2 QtyProd2 ...
46 5 5 26 1 77 1 67 2 29 1 45 1
48 5 2 30 4 44 2
63 6 4 293 1 67 3 48 1 24 1
65 6 14 30 1 51 1 50 1 23 1 25 1 78 1 85 1 40 1 27 1 263 1 47 1 83 2 28 3 45 2
54 5 7 156 2 184 1 144 3 174 5 169 9 121 1 152 2
68 6 10 168 9 118 1 125 1 138 1 180 1 139 1 148 2 130 2 106 2 151 1
//IdTournes NbColis
12 2
//IdColis IdCommandeInColis NbProducts IdProd1 QtyProd1 IdProd2 QtyProd2 ...
69 6 12 106 1 161 3 156 4 144 2 112 1 152 1 134 1 158 3 219 2 217 4 165 1 159 1
70 6 14 165 2 192 1 151 3 163 4 141 1 172 3 136 1 190 7 145 1 220 1 160 2 162 1 201 1 146 1
//IdTournes NbColis
0 6
//IdColis IdCommandeInColis NbProducts IdProd1 QtyProd1 IdProd2 QtyProd2 ...
0 1 6 22 1 12 1 6 4 8 1 1 1 261 1
74 1 6 22 1 12 1 6 4 8 1 1 1 261 1
9 2 7 12 1 15 1 6 3 55 1 58 1 1 1 17 1
22 3 15 12 1 30 2 13 1 14 1 29 1 18 1 31 1 7 1 2 1 23 1 10 2 11 1 54 1 28 1 9 1
83 2 7 12 1 15 1 6 3 55 1 58 1 1 1 17 1
96 3 15 12 1 30 2 13 1 14 1 29 1 18 1 31 1 7 1 2 1 23 1 10 2 11 1 54 1 28 1 9 1
//IdTournes NbColis
1 6
//IdColis IdCommandeInColis NbProducts IdProd1 QtyProd1 IdProd2 QtyProd2 ...
1 1 7 49 1 269 1 48 2 33 2 42 2 35 1 51 1
2 1 16 35 1 51 1 273 2 82 1 274 1 262 1 80 1 81 1 93 1 37 2 40 1 265 1 278 1 272 1 83 2 45 1
24 3 7 33 2 42 2 88 1 76 1 44 2 51 1 267 1
75 1 7 49 1 269 1 48 2 33 2 42 2 35 1 51 1
76 1 16 35 1 51 1 273 2 82 1 274 1 262 1 80 1 81 1 93 1 37 2 40 1 265 1 278 1 272 1 83 2 45 1
98 3 7 33 2 42 2 88 1 76 1 44 2 51 1 267 1
//IdTournes NbColis
2 6
//IdColis IdCommandeInColis NbProducts IdProd1 QtyProd1 IdProd2 QtyProd2 ...
3 1 10 154 1 177 4 143 1 142 2 133 1 150 4 140 1 164 2 138 1 139 1
4 1 14 156 2 153 1 121 1 134 1 158 1 165 4 116 1 108 1 120 1 107 2 135 2 151 2 155 4 163 2
16 2 10 168 1 164 3 167 4 148 3 130 1 106 1 111 1 161 2 156 4 215 1
17 2 15 184 1 144 3 174 1 121 1 134 1 158 2 219 2 217 3 165 1 197 1 108 1 186 1 170 3 198 3 193 1
18 2 15 110 1 182 3 120 1 107 2 114 2 183 3 173 1 109 1 135 3 151 2 155 2 129 1 185 1 157 1 147 3
19 2 11 175 2 176 1 172 2 136 1 190 6 179 1 160 1 162 1 181 1 131 1 115 1
//IdTournes NbColis
3 6
//IdColis IdCommandeInColis NbProducts IdProd1 QtyProd1 IdProd2 QtyProd2 ...
5 1 5 94 1 282 1 136 1 137 1 115 1
27 3 20 164 1 138 1 180 1 130 1 106 1 161 1 153 1 121 1 134 1 165 2 108 1 182 1 107 2 109 1 281 1 135 2 99 1 163 2 104 1 141 1
28 3 8 104 1 100 1 175 2 136 1 160 1 122 1 131 1 280 1
79 1 5 94 1 282 1 136 1 137 1 115 1
101 3 20 164 1 138 1 180 1 130 1 106 1 161 1 153 1 121 1 134 1 165 2 108 1 182 1 107 2 109 1 281 1 135 2 99 1 163 2 104 1 141 1
102 3 8 104 1 100 1 175 2 136 1 160 1 122 1 131 1 280 1
//IdTournes NbColis
4 6
//IdColis IdCommandeInColis NbProducts IdProd1 QtyProd1 IdProd2 QtyProd2 ...
6 1 10 260 1 199 1 228 1 227 4 209 1 208 2 246 1 168 6 167 1 172 1
29 3 12 171 1 260 2 228 1 227 1 209 1 188 1 244 4 208 2 246 1 168 2 189 1 148 1
31 3 19 297 1 169 1 221 1 219 1 166 2 197 1 191 1 285 1 192 1 183 1 303 1 185 1 302 2 147 2 193 1 241 1 172 1 239 2 311 1
80 1 10 260 1 199 1 228 1 227 4 209 1 208 2 246 1 168 6 167 1 172 1
103 3 12 171 1 260 2 228 1 227 1 209 1 188 1 244 4 208 2 246 1 168 2 189 1 148 1
105 3 19 297 1 169 1 221 1 219 1 166 2 197 1 191 1 285 1 192 1 183 1 303 1 185 1 302 2 147 2 193 1 241 1 172 1 239 2 311 1
//IdTournes NbColis
5 6
//IdColis IdCommandeInColis NbProducts IdProd1 QtyProd1 IdProd2 QtyProd2 ...
7 1 10 167 2 207 2 144 2 174 2 229 4 221 1 219 4 217 5 149 1 222 1
30 3 8 167 4 226 6 286 2 223 2 207 2 144 2 174 1 308 1
81 1 10 167 2 207 2 144 2 174 2 229 4 221 1 219 4 217 5 149 1 222 1
104 3 8 167 4 226 6 286 2 223 2 207 2 144 2 174 1 308 1
8 1 16 166 2 147 2 225 2 193 1 287 1 288 2 248 1 190 4 250 1 258 2 242 1 257 1 289 5 251 2 252 1 239 1
20 2 12 253 1 234 2 292 1 260 1 228 3 227 3 209 1 236 1 208 2 304 1 226 1 301 1
//IdTournes NbColis
6 6
//IdColis IdCommandeInColis NbProducts IdProd1 QtyProd1 IdProd2 QtyProd2 ...
10 2 6 67 2 62 1 22 1 48 2 87 1 266 1
11 2 6 33 2 42 2 70 1 30 2 44 1 63 1
13 2 15 35 1 39 1 63 1 87 1 21 1 79 2 60 1 25 1 66 1 24 1 37 3 86 2 40 1 59 1 47 2
33 4 11 49 1 71 1 48 2 33 2 42 2 75 1 87 1 61 1 46 1 47 1 65 1
34 4 13 30 1 44 1 39 1 68 1 72 1 73 1 29 1 43 1 264 1 64 1 37 1 40 2 45 2
47 5 8 22 1 48 2 33 2 42 2 70 1 30 1 36 1 86 1
//IdTournes NbColis
7 6
//IdColis IdCommandeInColis NbProducts IdProd1 QtyProd1 IdProd2 QtyProd2 ...
12 2 4 44 3 35 3 74 1 69 1
64 6 8 67 1 48 1 33 2 42 2 70 1 30 1 34 1 47 1
84 2 6 67 2 62 1 22 1 48 2 87 1 266 1
85 2 6 33 2 42 2 70 1 30 2 44 1 63 1
86 2 4 44 3 35 3 74 1 69 1
87 2 15 35 1 39 1 63 1 87 1 21 1 79 2 60 1 25 1 66 1 24 1 37 3 86 2 40 1 59 1 47 2
//IdTournes NbColis
8 6
//IdColis IdCommandeInColis NbProducts IdProd1 QtyProd1 IdProd2 QtyProd2 ...
14 2 16 269 1 76 1 273 4 270 1 104 1 95 1 96 1 94 1 105 1 268 1 101 1 89 2 278 1 92 1 296 3 294 1
35 4 5 271 1 269 1 283 1 103 1 90 2
50 5 13 271 1 269 1 76 1 273 3 98 1 105 1 91 1 89 1 93 4 295 2 272 1 90 4 296 2
66 6 8 279 1 271 1 269 1 273 1 276 1 97 1 92 1 277 1
88 2 16 269 1 76 1 273 4 270 1 104 1 95 1 96 1 94 1 105 1 268 1 101 1 89 2 278 1 92 1 296 3 294 1
109 4 5 271 1 269 1 283 1 103 1 90 2
//IdTournes NbColis
9 6
//IdColis IdCommandeInColis NbProducts IdProd1 QtyProd1 IdProd2 QtyProd2 ...
15 2 8 177 1 213 2 199 3 150 3 196 1 188 2 140 1 168 6
36 4 8 177 2 143 3 213 1 210 1 218 2 150 6 196 2 148 1
37 4 13 196 1 140 2 187 1 168 6 189 1 178 1 138 1 139 1 130 2 106 2 111 1 161 1 144 1
38 4 8 161 3 156 3 184 1 144 2 174 6 169 4 200 3 163 1
39 4 11 200 2 121 2 152 3 134 1 158 1 219 5 194 1 211 1 212 4 217 3 165 2
40 4 15 165 1 166 3 159 1 197 2 108 1 170 2 198 3 110 1 182 1 123 1 107 2 109 2 135 3 151 2 129 1
//IdTournes NbColis
10 6
//IdColis IdCommandeInColis NbProducts IdProd1 QtyProd1 IdProd2 QtyProd2 ...
21 2 24 226 1 223 1 205 1 207 2 229 3 245 1 307 2 225 1 287 2 247 1 256 3 235 1 259 2 240 1 254 1 206 1 242 3 301 1 255 1 289 4 249 1 299 2 243 1 204 2
44 4 22 229 7 221 1 245 1 222 2 225 3 300 1 288 2 248 1 250 1 312 1 259 2 284 1 313 1 309 1 301 1 237 1 310 1 289 6 308 1 299 1 252 1 311 1
59 5 13 292 1 260 1 227 1 209 1 236 1 208 2 290 1 226 3 223 2 205 1 207 3 229 2 287 1
61 5 8 240 1 202 1 206 1 258 1 301 1 289 2 239 1 204 1
71 6 10 291 1 234 1 231 1 227 1 232 1 209 1 236 1 244 9 208 1 237 1
73 6 11 233 1 225 5 241 2 248 2 235 1 259 1 240 1 224 1 289 1 239 1 204 2
//IdTournes NbColis
11 6
//IdColis IdCommandeInColis NbProducts IdProd1 QtyProd1 IdProd2 QtyProd2 ...
23 3 7 84 1 49 1 271 1 269 1 48 2 50 1 38 1
97 3 7 84 1 49 1 271 1 269 1 48 2 50 1 38 1
25 3 13 39 2 273 1 270 1 82 2 274 1 32 1 37 2 40 1 41 1 272 1 92 1 296 3 275 1
99 3 13 39 2 273 1 270 1 82 2 274 1 32 1 37 2 40 1 41 1 272 1 92 1 296 3 275 1
107 4 11 49 1 71 1 48 2 33 2 42 2 75 1 87 1 61 1 46 1 47 1 65 1
108 4 13 30 1 44 1 39 1 68 1 72 1 73 1 29 1 43 1 264 1 64 1 37 1 40 2 45 2
//IdTournes NbColis
12 6
//IdColis IdCommandeInColis NbProducts IdProd1 QtyProd1 IdProd2 QtyProd2 ...
26 3 11 124 2 119 1 143 2 213 1 142 2 214 2 150 1 196 2 216 1 140 2 161 1
41 4 11 151 1 155 1 163 5 147 3 193 1 175 2 176 2 172 5 190 7 160 4 117 2
52 5 10 128 1 154 1 177 4 213 2 214 3 150 1 196 1 188 2 126 1 168 2
53 5 6 168 5 164 1 167 7 148 2 106 2 161 4
55 5 5 152 1 134 1 158 7 219 9 194 7
56 5 12 217 7 165 2 166 1 159 1 197 3 108 1 170 1 198 4 182 1 192 1 107 2 114 2
//IdTournes NbColis
13 6
//IdColis IdCommandeInColis NbProducts IdProd1 QtyProd1 IdProd2 QtyProd2 ...
32 4 6 12 1 13 1 6 1 57 1 3 1 56 1
45 5 8 5 1 12 1 6 3 57 1 58 1 52 1 3 2 19 1
62 6 9 5 1 12 1 4 1 6 2 53 1 16 1 20 1 11 1 54 2
106 4 6 12 1 13 1 6 1 57 1 3 1 56 1
119 5 8 5 1 12 1 6 3 57 1 58 1 52 1 3 2 19 1
136 6 9 5 1 12 1 4 1 6 2 53 1 16 1 20 1 11 1 54 2
//IdTournes NbColis
14 6
//IdColis IdCommandeInColis NbProducts IdProd1 QtyProd1 IdProd2 QtyProd2 ...
42 4 2 127 1 137 2
57 5 14 195 1 135 3 113 1 155 2 129 1 185 1 157 1 163 4 147 3 132 1 193 1 172 6 136 1 190 4
58 5 5 190 3 160 5 117 1 162 3 201 1
67 6 6 128 1 124 2 177 4 133 1 150 5 196 4
68 6 10 168 9 118 1 125 1 138 1 180 1 139 1 148 2 130 2 106 2 151 1
69 6 12 106 1 161 3 156 4 144 2 112 1 152 1 134 1 158 3 219 2 217 4 165 1 159 1
//IdTournes NbColis
15 6
//IdColis IdCommandeInColis NbProducts IdProd1 QtyProd1 IdProd2 QtyProd2 ...
43 4 9 306 1 227 1 209 1 244 2 208 2 226 7 305 1 207 3 299 1
72 6 8 208 1 290 1 226 7 207 2 229 4 230 1 222 5 238 1
94 2 12 253 1 234 2 292 1 260 1 228 3 227 3 209 1 236 1 208 2 304 1 226 1 301 1
95 2 24 226 1 223 1 205 1 207 2 229 3 245 1 307 2 225 1 287 2 247 1 256 3 235 1 259 2 240 1 254 1 206 1 242 3 301 1 255 1 289 4 249 1 299 2 243 1 204 2
117 4 9 306 1 227 1 209 1 244 2 208 2 226 7 305 1 207 3 299 1
118 4 22 229 7 221 1 245 1 222 2 225 3 300 1 288 2 248 1 250 1 312 1 259 2 284 1 313 1 309 1 301 1 237 1 310 1 289 6 308 1 299 1 252 1 311 1
//IdTournes NbColis
16 6
//IdColis IdCommandeInColis NbProducts IdProd1 QtyProd1 IdProd2 QtyProd2 ...
46 5 5 26 1 77 1 67 2 29 1 45 1
48 5 2 30 4 44 2
49 5 11 44 2 35 1 39 1 82 1 32 1 21 2 80 1 81 2 37 1 40 2 28 1
63 6 4 293 1 67 3 48 1 24 1
65 6 14 30 1 51 1 50 1 23 1 25 1 78 1 85 1 40 1 27 1 263 1 47 1 83 2 28 3 45 2
120 5 5 26 1 77 1 67 2 29 1 45 1
//IdTournes NbColis
17 6
//IdColis IdCommandeInColis NbProducts IdProd1 QtyProd1 IdProd2 QtyProd2 ...
51 5 1 102 1
124 5 13 271 1 269 1 76 1 273 3 98 1 105 1 91 1 89 1 93 4 295 2 272 1 90 4 296 2
125 5 1 102 1
140 6 8 279 1 271 1 269 1 273 1 276 1 97 1 92 1 277 1
54 5 7 156 2 184 1 144 3 174 5 169 9 121 1 152 2
60 5 13 229 1 221 2 203 1 222 3 225 7 287 2 300 1 248 1 298 1 250 7 256 1 259 2 240 2
//IdTournes NbColis
18 6
//IdColis IdCommandeInColis NbProducts IdProd1 QtyProd1 IdProd2 QtyProd2 ...
70 6 14 165 2 192 1 151 3 163 4 141 1 172 3 136 1 190 7 145 1 220 1 160 2 162 1 201 1 146 1
90 2 10 168 1 164 3 167 4 148 3 130 1 106 1 111 1 161 2 156 4 215 1
91 2 15 184 1 144 3 174 1 121 1 134 1 158 2 219 2 217 3 165 1 197 1 108 1 186 1 170 3 198 3 193 1
92 2 15 110 1 182 3 120 1 107 2 114 2 183 3 173 1 109 1 135 3 151 2 155 2 129 1 185 1 157 1 147 3
93 2 11 175 2 176 1 172 2 136 1 190 6 179 1 160 1 162 1 181 1 131 1 115 1
111 4 13 196 1 140 2 187 1 168 6 189 1 178 1 138 1 139 1 130 2 106 2 111 1 161 1 144 1
//IdTournes NbColis
19 6
//IdColis IdCommandeInColis NbProducts IdProd1 QtyProd1 IdProd2 QtyProd2 ...
77 1 10 154 1 177 4 143 1 142 2 133 1 150 4 140 1 164 2 138 1 139 1
78 1 14 156 2 153 1 121 1 134 1 158 1 165 4 116 1 108 1 120 1 107 2 135 2 151 2 155 4 163 2
100 3 11 124 2 119 1 143 2 213 1 142 2 214 2 150 1 196 2 216 1 140 2 161 1
112 4 8 161 3 156 3 184 1 144 2 174 6 169 4 200 3 163 1
113 4 11 200 2 121 2 152 3 134 1 158 1 219 5 194 1 211 1 212 4 217 3 165 2
114 4 15 165 1 166 3 159 1 197 2 108 1 170 2 198 3 110 1 182 1 123 1 107 2 109 2 135 3 151 2 129 1
//IdTournes NbColis
20 6
//IdColis IdCommandeInColis NbProducts IdProd1 QtyProd1 IdProd2 QtyProd2 ...
82 1 16 166 2 147 2 225 2 193 1 287 1 288 2 248 1 190 4 250 1 258 2 242 1 257 1 289 5 251 2 252 1 239 1
133 5 13 292 1 260 1 227 1 209 1 236 1 208 2 290 1 226 3 223 2 205 1 207 3 229 2 287 1
134 5 13 229 1 221 2 203 1 222 3 225 7 287 2 300 1 248 1 298 1 250 7 256 1 259 2 240 2
135 5 8 240 1 202 1 206 1 258 1 301 1 289 2 239 1 204 1
145 6 10 291 1 234 1 231 1 227 1 232 1 209 1 236 1 244 9 208 1 237 1
147 6 11 233 1 225 5 241 2 248 2 235 1 259 1 240 1 224 1 289 1 239 1 204 2
//IdTournes NbColis
21 6
//IdColis IdCommandeInColis NbProducts IdProd1 QtyProd1 IdProd2 QtyProd2 ...
89 2 8 177 1 213 2 199 3 150 3 196 1 188 2 140 1 168 6
110 4 8 177 2 143 3 213 1 210 1 218 2 150 6 196 2 148 1
115 4 11 151 1 155 1 163 5 147 3 193 1 175 2 176 2 172 5 190 7 160 4 117 2
126 5 10 128 1 154 1 177 4 213 2 214 3 150 1 196 1 188 2 126 1 168 2
127 5 6 168 5 164 1 167 7 148 2 106 2 161 4
129 5 5 152 1 134 1 158 7 219 9 194 7
//IdTournes NbColis
22 6
//IdColis IdCommandeInColis NbProducts IdProd1 QtyProd1 IdProd2 QtyProd2 ...
116 4 2 127 1 137 2
130 5 12 217 7 165 2 166 1 159 1 197 3 108 1 170 1 198 4 182 1 192 1 107 2 114 2
131 5 14 195 1 135 3 113 1 155 2 129 1 185 1 157 1 163 4 147 3 132 1 193 1 172 6 136 1 190 4
132 5 5 190 3 160 5 117 1 162 3 201 1
141 6 6 128 1 124 2 177 4 133 1 150 5 196 4
142 6 10 168 9 118 1 125 1 138 1 180 1 139 1 148 2 130 2 106 2 151 1
//IdTournes NbColis
23 6
//IdColis IdCommandeInColis NbProducts IdProd1 QtyProd1 IdProd2 QtyProd2 ...
121 5 8 22 1 48 2 33 2 42 2 70 1 30 1 36 1 86 1
138 6 8 67 1 48 1 33 2 42 2 70 1 30 1 34 1 47 1
123 5 11 44 2 35 1 39 1 82 1 32 1 21 2 80 1 81 2 37 1 40 2 28 1
137 6 4 293 1 67 3 48 1 24 1
139 6 14 30 1 51 1 50 1 23 1 25 1 78 1 85 1 40 1 27 1 263 1 47 1 83 2 28 3 45 2
122 5 2 30 4 44 2
//IdTournes NbColis
24 4
//IdColis IdCommandeInColis NbProducts IdProd1 QtyProd1 IdProd2 QtyProd2 ...
128 5 7 156 2 184 1 144 3 174 5 169 9 121 1 152 2
143 6 12 106 1 161 3 156 4 144 2 112 1 152 1 134 1 158 3 219 2 217 4 165 1 159 1
144 6 14 165 2 192 1 151 3 163 4 141 1 172 3 136 1 190 7 145 1 220 1 160 2 162 1 201 1 146 1
146 6 8 208 1 290 1 226 7 207 2 229 4 230 1 222 5 238 1
//IdTournes NbColis
0 6
//IdColis IdCommandeInColis NbProducts IdProd1 QtyProd1 IdProd2 QtyProd2 ...
0 1 6 22 1 12 1 6 4 8 1 1 1 261 1
74 1 6 22 1 12 1 6 4 8 1 1 1 261 1
148 1 6 22 1 12 1 6 4 8 1 1 1 261 1
9 2 7 12 1 15 1 6 3 55 1 58 1 1 1 17 1
22 3 15 12 1 30 2 13 1 14 1 29 1 18 1 31 1 7 1 2 1 23 1 10 2 11 1 54 1 28 1 9 1
83 2 7 12 1 15 1 6 3 55 1 58 1 1 1 17 1
//IdTournes NbColis
1 6
//IdColis IdCommandeInColis NbProducts IdProd1 QtyProd1 IdProd2 QtyProd2 ...
1 1 7 49 1 269 1 48 2 33 2 42 2 35 1 51 1
2 1 16 35 1 51 1 273 2 82 1 274 1 262 1 80 1 81 1 93 1 37 2 40 1 265 1 278 1 272 1 83 2 45 1
24 3 7 33 2 42 2 88 1 76 1 44 2 51 1 267 1
75 1 7 49 1 269 1 48 2 33 2 42 2 35 1 51 1
76 1 16 35 1 51 1 273 2 82 1 274 1 262 1 80 1 81 1 93 1 37 2 40 1 265 1 278 1 272 1 83 2 45 1
98 3 7 33 2 42 2 88 1 76 1 44 2 51 1 267 1
//IdTournes NbColis
2 6
//IdColis IdCommandeInColis NbProducts IdProd1 QtyProd1 IdProd2 QtyProd2 ...
3 1 10 154 1 177 4 143 1 142 2 133 1 150 4 140 1 164 2 138 1 139 1
4 1 14 156 2 153 1 121 1 134 1 158 1 165 4 116 1 108 1 120 1 107 2 135 2 151 2 155 4 163 2
16 2 10 168 1 164 3 167 4 148 3 130 1 106 1 111 1 161 2 156 4 215 1
17 2 15 184 1 144 3 174 1 121 1 134 1 158 2 219 2 217 3 165 1 197 1 108 1 186 1 170 3 198 3 193 1
18 2 15 110 1 182 3 120 1 107 2 114 2 183 3 173 1 109 1 135 3 151 2 155 2 129 1 185 1 157 1 147 3
19 2 11 175 2 176 1 172 2 136 1 190 6 179 1 160 1 162 1 181 1 131 1 115 1
//IdTournes NbColis
3 6
//IdColis IdCommandeInColis NbProducts IdProd1 QtyProd1 IdProd2 QtyProd2 ...
5 1 5 94 1 282 1 136 1 137 1 115 1
27 3 20 164 1 138 1 180 1 130 1 106 1 161 1 153 1 121 1 134 1 165 2 108 1 182 1 107 2 109 1 281 1 135 2 99 1 163 2 104 1 141 1
28 3 8 104 1 100 1 175 2 136 1 160 1 122 1 131 1 280 1
79 1 5 94 1 282 1 136 1 137 1 115 1
101 3 20 164 1 138 1 180 1 130 1 106 1 161 1 153 1 121 1 134 1 165 2 108 1 182 1 107 2 109 1 281 1 135 2 99 1 163 2 104 1 141 1
102 3 8 104 1 100 1 175 2 136 1 160 1 122 1 131 1 280 1
//IdTournes NbColis
4 6
//IdColis IdCommandeInColis NbProducts IdProd1 QtyProd1 IdProd2 QtyProd2 ...
6 1 10 260 1 199 1 228 1 227 4 209 1 208 2 246 1 168 6 167 1 172 1
29 3 12 171 1 260 2 228 1 227 1 209 1 188 1 244 4 208 2 246 1 168 2 189 1 148 1
31 3 19 297 1 169 1 221 1 219 1 166 2 197 1 191 1 285 1 192 1 183 1 303 1 185 1 302 2 147 2 193 1 241 1 172 1 239 2 311 1
80 1 10 260 1 199 1 228 1 227 4 209 1 208 2 246 1 168 6 167 1 172 1
103 3 12 171 1 260 2 228 1 227 1 209 1 188 1 244 4 208 2 246 1 168 2 189 1 148 1
105 3 19 297 1 169 1 221 1 219 1 166 2 197 1 191 1 285 1 192 1 183 1 303 1 185 1 302 2 147 2 193 1 241 1 172 1 239 2 311 1
//IdTournes NbColis
5 6
//IdColis IdCommandeInColis NbProducts IdProd1 QtyProd1 IdProd2 QtyProd2 ...
7 1 10 167 2 207 2 144 2 174 2 229 4 221 1 219 4 217 5 149 1 222 1
30 3 8 167 4 226 6 286 2 223 2 207 2 144 2 174 1 308 1
81 1 10 167 2 207 2 144 2 174 2 229 4 221 1 219 4 217 5 149 1 222 1
104 3 8 167 4 226 6 286 2 223 2 207 2 144 2 174 1 308 1
154 1 10 260 1 199 1 228 1 227 4 209 1 208 2 246 1 168 6 167 1 172 1
155 1 10 167 2 207 2 144 2 174 2 229 4 221 1 219 4 217 5 149 1 222 1
//IdTournes NbColis
6 6
//IdColis IdCommandeInColis NbProducts IdProd1 QtyProd1 IdProd2 QtyProd2 ...
8 1 16 166 2 147 2 225 2 193 1 287 1 288 2 248 1 190 4 250 1 258 2 242 1 257 1 289 5 251 2 252 1 239 1
82 1 16 166 2 147 2 225 2 193 1 287 1 288 2 248 1 190 4 250 1 258 2 242 1 257 1 289 5 251 2 252 1 239 1
156 1 16 166 2 147 2 225 2 193 1 287 1 288 2 248 1 190 4 250 1 258 2 242 1 257 1 289 5 251 2 252 1 239 1
20 2 12 253 1 234 2 292 1 260 1 228 3 227 3 209 1 236 1 208 2 304 1 226 1 301 1
21 2 24 226 1 223 1 205 1 207 2 229 3 245 1 307 2 225 1 287 2 247 1 256 3 235 1 259 2 240 1 254 1 206 1 242 3 301 1 255 1 289 4 249 1 299 2 243 1 204 2
44 4 22 229 7 221 1 245 1 222 2 225 3 300 1 288 2 248 1 250 1 312 1 259 2 284 1 313 1 309 1 301 1 237 1 310 1 289 6 308 1 299 1 252 1 311 1
//IdTournes NbColis
7 6
//IdColis IdCommandeInColis NbProducts IdProd1 QtyProd1 IdProd2 QtyProd2 ...
10 2 6 67 2 62 1 22 1 48 2 87 1 266 1
11 2 6 33 2 42 2 70 1 30 2 44 1 63 1
13 2 15 35 1 39 1 63 1 87 1 21 1 79 2 60 1 25 1 66 1 24 1 37 3 86 2 40 1 59 1 47 2
33 4 11 49 1 71 1 48 2 33 2 42 2 75 1 87 1 61 1 46 1 47 1 65 1
34 4 13 30 1 44 1 39 1 68 1 72 1 73 1 29 1 43 1 264 1 64 1 37 1 40 2 45 2
47 5 8 22 1 48 2 33 2 42 2 70 1 30 1 36 1 86 1
//IdTournes NbColis
8 6
//IdColis IdCommandeInColis NbProducts IdProd1 QtyProd1 IdProd2 QtyProd2 ...
12 2 4 44 3 35 3 74 1 69 1
64 6 8 67 1 48 1 33 2 42 2 70 1 30 1 34 1 47 1
84 2 6 67 2 62 1 22 1 48 2 87 1 266 1
85 2 6 33 2 42 2 70 1 30 2 44 1 63 1
86 2 4 44 3 35 3 74 1 69 1
87 2 15 35 1 39 1 63 1 87 1 21 1 79 2 60 1 25 1 66 1 24 1 37 3 86 2 40 1 59 1 47 2
//IdTournes NbColis
9 6
//IdColis IdCommandeInColis NbProducts IdProd1 QtyProd1 IdProd2 QtyProd2 ...
14 2 16 269 1 76 1 273 4 270 1 104 1 95 1 96 1 94 1 105 1 268 1 101 1 89 2 278 1 92 1 296 3 294 1
35 4 5 271 1 269 1 283 1 103 1 90 2
50 5 13 271 1 269 1 76 1 273 3 98 1 105 1 91 1 89 1 93 4 295 2 272 1 90 4 296 2
66 6 8 279 1 271 1 269 1 273 1 276 1 97 1 92 1 277 1
88 2 16 269 1 76 1 273 4 270 1 104 1 95 1 96 1 94 1 105 1 268 1 101 1 89 2 278 1 92 1 296 3 294 1
109 4 5 271 1 269 1 283 1 103 1 90 2
//IdTournes NbColis
10 6
//IdColis IdCommandeInColis NbProducts IdProd1 QtyProd1 IdProd2 QtyProd2 ...
15 2 8 177 1 213 2 199 3 150 3 196 1 188 2 140 1 168 6
36 4 8 177 2 143 3 213 1 210 1 218 2 150 6 196 2 148 1
37 4 13 196 1 140 2 187 1 168 6 189 1 178 1 138 1 139 1 130 2 106 2 111 1 161 1 144 1
38 4 8 161 3 156 3 184 1 144 2 174 6 169 4 200 3 163 1
39 4 11 200 2 121 2 152 3 134 1 158 1 219 5 194 1 211 1 212 4 217 3 165 2
40 4 15 165 1 166 3 159 1 197 2 108 1 170 2 198 3 110 1 182 1 123 1 107 2 109 2 135 3 151 2 129 1
//IdTournes NbColis
11 6
//IdColis IdCommandeInColis NbProducts IdProd1 QtyProd1 IdProd2 QtyProd2 ...
23 3 7 84 1 49 1 271 1 269 1 48 2 50 1 38 1
97 3 7 84 1 49 1 271 1 269 1 48 2 50 1 38 1
149 1 7 49 1 269 1 48 2 33 2 42 2 35 1 51 1
150 1 16 35 1 51 1 273 2 82 1 274 1 262 1 80 1 81 1 93 1 37 2 40 1 265 1 278 1 272 1 83 2 45 1
171 3 7 84 1 49 1 271 1 269 1 48 2 50 1 38 1
172 3 7 33 2 42 2 88 1 76 1 44 2 51 1 267 1
//IdTournes NbColis
12 6
//IdColis IdCommandeInColis NbProducts IdProd1 QtyProd1 IdProd2 QtyProd2 ...
25 3 13 39 2 273 1 270 1 82 2 274 1 32 1 37 2 40 1 41 1 272 1 92 1 296 3 275 1
99 3 13 39 2 273 1 270 1 82 2 274 1 32 1 37 2 40 1 41 1 272 1 92 1 296 3 275 1
173 3 13 39 2 273 1 270 1 82 2 274 1 32 1 37 2 40 1 41 1 272 1 92 1 296 3 275 1
49 5 11 44 2 35 1 39 1 82 1 32 1 21 2 80 1 81 2 37 1 40 2 28 1
107 4 11 49 1 71 1 48 2 33 2 42 2 75 1 87 1 61 1 46 1 47 1 65 1
108 4 13 30 1 44 1 39 1 68 1 72 1 73 1 29 1 43 1 264 1 64 1 37 1 40 2 45 2
//IdTournes NbColis
13 6
//IdColis IdCommandeInColis NbProducts IdProd1 QtyProd1 IdProd2 QtyProd2 ...
26 3 11 124 2 119 1 143 2 213 1 142 2 214 2 150 1 196 2 216 1 140 2 161 1
41 4 11 151 1 155 1 163 5 147 3 193 1 175 2 176 2 172 5 190 7 160 4 117 2
52 5 10 128 1 154 1 177 4 213 2 214 3 150 1 196 1 188 2 126 1 168 2
53 5 6 168 5 164 1 167 7 148 2 106 2 161 4
55 5 5 152 1 134 1 158 7 219 9 194 7
56 5 12 217 7 165 2 166 1 159 1 197 3 108 1 170 1 198 4 182 1 192 1 107 2 114 2
//IdTournes NbColis
14 6
//IdColis IdCommandeInColis NbProducts IdProd1 QtyProd1 IdProd2 QtyProd2 ...
32 4 6 12 1 13 1 6 1 57 1 3 1 56 1
45 5 8 5 1 12 1 6 3 57 1 58 1 52 1 3 2 19 1
62 6 9 5 1 12 1 4 1 6 2 53 1 16 1 20 1 11 1 54 2
96 3 15 12 1 30 2 13 1 14 1 29 1 18 1 31 1 7 1 2 1 23 1 10 2 11 1 54 1 28 1 9 1
106 4 6 12 1 13 1 6 1 57 1 3 1 56 1
119 5 8 5 1 12 1 6 3 57 1 58 1 52 1 3 2 19 1
//IdTournes NbColis
15 6
//IdColis IdCommandeInColis NbProducts IdProd1 QtyProd1 IdProd2 QtyProd2 ...
42 4 2 127 1 137 2
57 5 14 195 1 135 3 113 1 155 2 129 1 185 1 157 1 163 4 147 3 132 1 193 1 172 6 136 1 190 4
58 5 5 190 3 160 5 117 1 162 3 201 1
67 6 6 128 1 124 2 177 4 133 1 150 5 196 4
68 6 10 168 9 118 1 125 1 138 1 180 1 139 1 148 2 130 2 106 2 151 1
69 6 12 106 1 161 3 156 4 144 2 112 1 152 1 134 1 158 3 219 2 217 4 165 1 159 1
//IdTournes NbColis
16 6
//IdColis IdCommandeInColis NbProducts IdProd1 QtyProd1 IdProd2 QtyProd2 ...
43 4 9 306 1 227 1 209 1 244 2 208 2 226 7 305 1 207 3 299 1
59 5 13 292 1 260 1 227 1 209 1 236 1 208 2 290 1 226 3 223 2 205 1 207 3 229 2 287 1
61 5 8 240 1 202 1 206 1 258 1 301 1 289 2 239 1 204 1
71 6 10 291 1 234 1 231 1 227 1 232 1 209 1 236 1 244 9 208 1 237 1
72 6 8 208 1 290 1 226 7 207 2 229 4 230 1 222 5 238 1
73 6 11 233 1 225 5 241 2 248 2 235 1 259 1 240 1 224 1 289 1 239 1 204 2
//IdTournes NbColis
17 6
//IdColis IdCommandeInColis NbProducts IdProd1 QtyProd1 IdProd2 QtyProd2 ...
46 5 5 26 1 77 1 67 2 29 1 45 1
48 5 2 30 4 44 2
63 6 4 293 1 67 3 48 1 24 1
65 6 14 30 1 51 1 50 1 23 1 25 1 78 1 85 1 40 1 27 1 263 1 47 1 83 2 28 3 45 2
120 5 5 26 1 77 1 67 2 29 1 45 1
121 5 8 22 1 48 2 33 2 42 2 70 1 30 1 36 1 86 1
//IdTournes NbColis
18 6
//IdColis IdCommandeInColis NbProducts IdProd1 QtyProd1 IdProd2 QtyProd2 ...
51 5 1 102 1
124 5 13 271 1 269 1 76 1 273 3 98 1 105 1 91 1 89 1 93 4 295 2 272 1 90 4 296 2
125 5 1 102 1
140 6 8 279 1 271 1 269 1 273 1 276 1 97 1 92 1 277 1
153 1 5 94 1 282 1 136 1 137 1 115 1
162 2 16 269 1 76 1 273 4 270 1 104 1 95 1 96 1 94 1 105 1 268 1 101 1 89 2 278 1 92 1 296 3 294 1
//IdTournes NbColis
19 6
//IdColis IdCommandeInColis NbProducts IdProd1 QtyProd1 IdProd2 QtyProd2 ...
54 5 7 156 2 184 1 144 3 174 5 169 9 121 1 152 2
70 6 14 165 2 192 1 151 3 163 4 141 1 172 3 136 1 190 7 145 1 220 1 160 2 162 1 201 1 146 1
89 2 8 177 1 213 2 199 3 150 3 196 1 188 2 140 1 168 6
90 2 10 168 1 164 3 167 4 148 3 130 1 106 1 111 1 161 2 156 4 215 1
91 2 15 184 1 144 3 174 1 121 1 134 1 158 2 219 2 217 3 165 1 197 1 108 1 186 1 170 3 198 3 193 1
92 2 15 110 1 182 3 120 1 107 2 114 2 183 3 173 1 109 1 135 3 151 2 155 2 129 1 185 1 157 1 147 3
//IdTournes NbColis
20 6
//IdColis IdCommandeInColis NbProducts IdProd1 QtyProd1 IdProd2 QtyProd2 ...
60 5 13 229 1 221 2 203 1 222 3 225 7 287 2 300 1 248 1 298 1 250 7 256 1 259 2 240 2
94 2 12 253 1 234 2 292 1 260 1 228 3 227 3 209 1 236 1 208 2 304 1 226 1 301 1
95 2 24 226 1 223 1 205 1 207 2 229 3 245 1 307 2 225 1 287 2 247 1 256 3 235 1 259 2 240 1 254 1 206 1 242 3 301 1 255 1 289 4 249 1 299 2 243 1 204 2
118 4 22 229 7 221 1 245 1 222 2 225 3 300 1 288 2 248 1 250 1 312 1 259 2 284 1 313 1 309 1 301 1 237 1 310 1 289 6 308 1 299 1 252 1 311 1
133 5 13 292 1 260 1 227 1 209 1 236 1 208 2 290 1 226 3 223 2 205 1 207 3 229 2 287 1
134 5 13 229 1 221 2 203 1 222 3 225 7 287 2 300 1 248 1 298 1 250 7 256 1 259 2 240 2
//IdTournes NbColis
21 6
//IdColis IdCommandeInColis NbProducts IdProd1 QtyProd1 IdProd2 QtyProd2 ...
77 1 10 154 1 177 4 143 1 142 2 133 1 150 4 140 1 164 2 138 1 139 1
78 1 14 156 2 153 1 121 1 134 1 158 1 165 4 116 1 108 1 120 1 107 2 135 2 151 2 155 4 163 2
93 2 11 175 2 176 1 172 2 136 1 190 6 179 1 160 1 162 1 181 1 131 1 115 1
100 3 11 124 2 119 1 143 2 213 1 142 2 214 2 150 1 196 2 216 1 140 2 161 1
111 4 13 196 1 140 2 187 1 168 6 189 1 178 1 138 1 139 1 130 2 106 2 111 1 161 1 144 1
112 4 8 161 3 156 3 184 1 144 2 174 6 169 4 200 3 163 1
//IdTournes NbColis
22 6
//IdColis IdCommandeInColis NbProducts IdProd1 QtyProd1 IdProd2 QtyProd2 ...
110 4 8 177 2 143 3 213 1 210 1 218 2 150 6 196 2 148 1
113 4 11 200 2 121 2 152 3 134 1 158 1 219 5 194 1 211 1 212 4 217 3 165 2
114 4 15 165 1 166 3 159 1 197 2 108 1 170 2 198 3 110 1 182 1 123 1 107 2 109 2 135 3 151 2 129 1
115 4 11 151 1 155 1 163 5 147 3 193 1 175 2 176 2 172 5 190 7 160 4 117 2
126 5 10 128 1 154 1 177 4 213 2 214 3 150 1 196 1 188 2 126 1 168 2
127 5 6 168 5 164 1 167 7 148 2 106 2 161 4
//IdTournes NbColis
23 6
//IdColis IdCommandeInColis NbProducts IdProd1 QtyProd1 IdProd2 QtyProd2 ...
116 4 2 127 1 137 2
129 5 5 152 1 134 1 158 7 219 9 194 7
130 5 12 217 7 165 2 166 1 159 1 197 3 108 1 170 1 198 4 182 1 192 1 107 2 114 2
131 5 14 195 1 135 3 113 1 155 2 129 1 185 1 157 1 163 4 147 3 132 1 193 1 172 6 136 1 190 4
132 5 5 190 3 160 5 117 1 162 3 201 1
141 6 6 128 1 124 2 177 4 133 1 150 5 196 4
//IdTournes NbColis
24 6
//IdColis IdCommandeInColis NbProducts IdProd1 QtyProd1 IdProd2 QtyProd2 ...
117 4 9 306 1 227 1 209 1 244 2 208 2 226 7 305 1 207 3 299 1
135 5 8 240 1 202 1 206 1 258 1 301 1 289 2 239 1 204 1
145 6 10 291 1 234 1 231 1 227 1 232 1 209 1 236 1 244 9 208 1 237 1
146 6 8 208 1 290 1 226 7 207 2 229 4 230 1 222 5 238 1
147 6 11 233 1 225 5 241 2 248 2 235 1 259 1 240 1 224 1 289 1 239 1 204 2
168 2 12 253 1 234 2 292 1 260 1 228 3 227 3 209 1 236 1 208 2 304 1 226 1 301 1
//IdTournes NbColis
25 6
//IdColis IdCommandeInColis NbProducts IdProd1 QtyProd1 IdProd2 QtyProd2 ...
122 5 2 30 4 44 2
123 5 11 44 2 35 1 39 1 82 1 32 1 21 2 80 1 81 2 37 1 40 2 28 1
137 6 4 293 1 67 3 48 1 24 1
138 6 8 67 1 48 1 33 2 42 2 70 1 30 1 34 1 47 1
139 6 14 30 1 51 1 50 1 23 1 25 1 78 1 85 1 40 1 27 1 263 1 47 1 83 2 28 3 45 2
158 2 6 67 2 62 1 22 1 48 2 87 1 266 1
//IdTournes NbColis
26 6
//IdColis IdCommandeInColis NbProducts IdProd1 QtyProd1 IdProd2 QtyProd2 ...
128 5 7 156 2 184 1 144 3 174 5 169 9 121 1 152 2
142 6 10 168 9 118 1 125 1 138 1 180 1 139 1 148 2 130 2 106 2 151 1
143 6 12 106 1 161 3 156 4 144 2 112 1 152 1 134 1 158 3 219 2 217 4 165 1 159 1
144 6 14 165 2 192 1 151 3 163 4 141 1 172 3 136 1 190 7 145 1 220 1 160 2 162 1 201 1 146 1
163 2 8 177 1 213 2 199 3 150 3 196 1 188 2 140 1 168 6
164 2 10 168 1 164 3 167 4 148 3 130 1 106 1 111 1 161 2 156 4 215 1
//IdTournes NbColis
27 6
//IdColis IdCommandeInColis NbProducts IdProd1 QtyProd1 IdProd2 QtyProd2 ...
136 6 9 5 1 12 1 4 1 6 2 53 1 16 1 20 1 11 1 54 2
170 3 15 12 1 30 2 13 1 14 1 29 1 18 1 31 1 7 1 2 1 23 1 10 2 11 1 54 1 28 1 9 1
180 4 6 12 1 13 1 6 1 57 1 3 1 56 1
193 5 8 5 1 12 1 6 3 57 1 58 1 52 1 3 2 19 1
210 6 9 5 1 12 1 4 1 6 2 53 1 16 1 20 1 11 1 54 2
157 2 7 12 1 15 1 6 3 55 1 58 1 1 1 17 1
//IdTournes NbColis
28 6
//IdColis IdCommandeInColis NbProducts IdProd1 QtyProd1 IdProd2 QtyProd2 ...
151 1 10 154 1 177 4 143 1 142 2 133 1 150 4 140 1 164 2 138 1 139 1
152 1 14 156 2 153 1 121 1 134 1 158 1 165 4 116 1 108 1 120 1 107 2 135 2 151 2 155 4 163 2
165 2 15 184 1 144 3 174 1 121 1 134 1 158 2 219 2 217 3 165 1 197 1 108 1 186 1 170 3 198 3 193 1
166 2 15 110 1 182 3 120 1 107 2 114 2 183 3 173 1 109 1 135 3 151 2 155 2 129 1 185 1 157 1 147 3
167 2 11 175 2 176 1 172 2 136 1 190 6 179 1 160 1 162 1 181 1 131 1 115 1
174 3 11 124 2 119 1 143 2 213 1 142 2 214 2 150 1 196 2 216 1 140 2 161 1
//IdTournes NbColis
29 6
//IdColis IdCommandeInColis NbProducts IdProd1 QtyProd1 IdProd2 QtyProd2 ...
159 2 6 33 2 42 2 70 1 30 2 44 1 63 1
161 2 15 35 1 39 1 63 1 87 1 21 1 79 2 60 1 25 1 66 1 24 1 37 3 86 2 40 1 59 1 47 2
181 4 11 49 1 71 1 48 2 33 2 42 2 75 1 87 1 61 1 46 1 47 1 65 1
182 4 13 30 1 44 1 39 1 68 1 72 1 73 1 29 1 43 1 264 1 64 1 37 1 40 2 45 2
195 5 8 22 1 48 2 33 2 42 2 70 1 30 1 36 1 86 1
212 6 8 67 1 48 1 33 2 42 2 70 1 30 1 34 1 47 1
//IdTournes NbColis
30 6
//IdColis IdCommandeInColis NbProducts IdProd1 QtyProd1 IdProd2 QtyProd2 ...
160 2 4 44 3 35 3 74 1 69 1
197 5 11 44 2 35 1 39 1 82 1 32 1 21 2 80 1 81 2 37 1 40 2 28 1
211 6 4 293 1 67 3 48 1 24 1
213 6 14 30 1 51 1 50 1 23 1 25 1 78 1 85 1 40 1 27 1 263 1 47 1 83 2 28 3 45 2
194 5 5 26 1 77 1 67 2 29 1 45 1
196 5 2 30 4 44 2
//IdTournes NbColis
31 6
//IdColis IdCommandeInColis NbProducts IdProd1 QtyProd1 IdProd2 QtyProd2 ...
169 2 24 226 1 223 1 205 1 207 2 229 3 245 1 307 2 225 1 287 2 247 1 256 3 235 1 259 2 240 1 254 1 206 1 242 3 301 1 255 1 289 4 249 1 299 2 243 1 204 2
192 4 22 229 7 221 1 245 1 222 2 225 3 300 1 288 2 248 1 250 1 312 1 259 2 284 1 313 1 309 1 301 1 237 1 310 1 289 6 308 1 299 1 252 1 311 1
207 5 13 292 1 260 1 227 1 209 1 236 1 208 2 290 1 226 3 223 2 205 1 207 3 229 2 287 1
209 5 8 240 1 202 1 206 1 258 1 301 1 289 2 239 1 204 1
219 6 10 291 1 234 1 231 1 227 1 232 1 209 1 236 1 244 9 208 1 237 1
221 6 11 233 1 225 5 241 2 248 2 235 1 259 1 240 1 224 1 289 1 239 1 204 2
//IdTournes NbColis
32 6
//IdColis IdCommandeInColis NbProducts IdProd1 QtyProd1 IdProd2 QtyProd2 ...
175 3 20 164 1 138 1 180 1 130 1 106 1 161 1 153 1 121 1 134 1 165 2 108 1 182 1 107 2 109 1 281 1 135 2 99 1 163 2 104 1 141 1
176 3 8 104 1 100 1 175 2 136 1 160 1 122 1 131 1 280 1
185 4 13 196 1 140 2 187 1 168 6 189 1 178 1 138 1 139 1 130 2 106 2 111 1 161 1 144 1
186 4 8 161 3 156 3 184 1 144 2 174 6 169 4 200 3 163 1
187 4 11 200 2 121 2 152 3 134 1 158 1 219 5 194 1 211 1 212 4 217 3 165 2
188 4 15 165 1 166 3 159 1 197 2 108 1 170 2 198 3 110 1 182 1 123 1 107 2 109 2 135 3 151 2 129 1
//IdTournes NbColis
33 6
//IdColis IdCommandeInColis NbProducts IdProd1 QtyProd1 IdProd2 QtyProd2 ...
177 3 12 171 1 260 2 228 1 227 1 209 1 188 1 244 4 208 2 246 1 168 2 189 1 148 1
179 3 19 297 1 169 1 221 1 219 1 166 2 197 1 191 1 285 1 192 1 183 1 303 1 185 1 302 2 147 2 193 1 241 1 172 1 239 2 311 1
178 3 8 167 4 226 6 286 2 223 2 207 2 144 2 174 1 308 1
191 4 9 306 1 227 1 209 1 244 2 208 2 226 7 305 1 207 3 299 1
208 5 13 229 1 221 2 203 1 222 3 225 7 287 2 300 1 248 1 298 1 250 7 256 1 259 2 240 2
220 6 8 208 1 290 1 226 7 207 2 229 4 230 1 222 5 238 1
//IdTournes NbColis
34 6
//IdColis IdCommandeInColis NbProducts IdProd1 QtyProd1 IdProd2 QtyProd2 ...
183 4 5 271 1 269 1 283 1 103 1 90 2
214 6 8 279 1 271 1 269 1 273 1 276 1 97 1 92 1 277 1
198 5 13 271 1 269 1 76 1 273 3 98 1 105 1 91 1 89 1 93 4 295 2 272 1 90 4 296 2
199 5 1 102 1
184 4 8 177 2 143 3 213 1 210 1 218 2 150 6 196 2 148 1
189 4 11 151 1 155 1 163 5 147 3 193 1 175 2 176 2 172 5 190 7 160 4 117 2
//IdTournes NbColis
35 6
//IdColis IdCommandeInColis NbProducts IdProd1 QtyProd1 IdProd2 QtyProd2 ...
190 4 2 127 1 137 2
200 5 10 128 1 154 1 177 4 213 2 214 3 150 1 196 1 188 2 126 1 168 2
201 5 6 168 5 164 1 167 7 148 2 106 2 161 4
203 5 5 152 1 134 1 158 7 219 9 194 7
204 5 12 217 7 165 2 166 1 159 1 197 3 108 1 170 1 198 4 182 1 192 1 107 2 114 2
205 5 14 195 1 135 3 113 1 155 2 129 1 185 1 157 1 163 4 147 3 132 1 193 1 172 6 136 1 190 4
//IdTournes NbColis
36 6
//IdColis IdCommandeInColis NbProducts IdProd1 QtyProd1 IdProd2 QtyProd2 ...
202 5 7 156 2 184 1 144 3 174 5 169 9 121 1 152 2
206 5 5 190 3 160 5 117 1 162 3 201 1
216 6 10 168 9 118 1 125 1 138 1 180 1 139 1 148 2 130 2 106 2 151 1
217 6 12 106 1 161 3 156 4 144 2 112 1 152 1 134 1 158 3 219 2 217 4 165 1 159 1
218 6 14 165 2 192 1 151 3 163 4 141 1 172 3 136 1 190 7 145 1 220 1 160 2 162 1 201 1 146 1
215 6 6 128 1 124 2 177 4 133 1 150 5 196 4
//IdTournes NbColis
0 6
//IdColis IdCommandeInColis NbProducts IdProd1 QtyProd1 IdProd2 QtyProd2 ...
0 1 6 22 1 12 1 6 4 8 1 1 1 261 1
74 1 6 22 1 12 1 6 4 8 1 1 1 261 1
148 1 6 22 1 12 1 6 4 8 1 1 1 261 1
222 1 6 22 1 12 1 6 4 8 1 1 1 261 1
9 2 7 12 1 15 1 6 3 55 1 58 1 1 1 17 1
22 3 15 12 1 30 2 13 1 14 1 29 1 18 1 31 1 7 1 2 1 23 1 10 2 11 1 54 1 28 1 9 1
//IdTournes NbColis
1 6
//IdColis IdCommandeInColis NbProducts IdProd1 QtyProd1 IdProd2 QtyProd2 ...
1 1 7 49 1 269 1 48 2 33 2 42 2 35 1 51 1
2 1 16 35 1 51 1 273 2 82 1 274 1 262 1 80 1 81 1 93 1 37 2 40 1 265 1 278 1 272 1 83 2 45 1
24 3 7 33 2 42 2 88 1 76 1 44 2 51 1 267 1
75 1 7 49 1 269 1 48 2 33 2 42 2 35 1 51 1
76 1 16 35 1 51 1 273 2 82 1 274 1 262 1 80 1 81 1 93 1 37 2 40 1 265 1 278 1 272 1 83 2 45 1
98 3 7 33 2 42 2 88 1 76 1 44 2 51 1 267 1
//IdTournes NbColis
2 6
//IdColis IdCommandeInColis NbProducts IdProd1 QtyProd1 IdProd2 QtyProd2 ...
3 1 10 154 1 177 4 143 1 142 2 133 1 150 4 140 1 164 2 138 1 139 1
4 1 14 156 2 153 1 121 1 134 1 158 1 165 4 116 1 108 1 120 1 107 2 135 2 151 2 155 4 163 2
16 2 10 168 1 164 3 167 4 148 3 130 1 106 1 111 1 161 2 156 4 215 1
17 2 15 184 1 144 3 174 1 121 1 134 1 158 2 219 2 217 3 165 1 197 1 108 1 186 1 170 3 198 3 193 1
18 2 15 110 1 182 3 120 1 107 2 114 2 183 3 173 1 109 1 135 3 151 2 155 2 129 1 185 1 157 1 147 3
19 2 11 175 2 176 1 172 2 136 1 190 6 179 1 160 1 162 1 181 1 131 1 115 1
//IdTournes NbColis
3 6
//IdColis IdCommandeInColis NbProducts IdProd1 QtyProd1 IdProd2 QtyProd2 ...
5 1 5 94 1 282 1 136 1 137 1 115 1
27 3 20 164 1 138 1 180 1 130 1 106 1 161 1 153 1 121 1 134 1 165 2 108 1 182 1 107 2 109 1 281 1 135 2 99 1 163 2 104 1 141 1
28 3 8 104 1 100 1 175 2 136 1 160 1 122 1 131 1 280 1
79 1 5 94 1 282 1 136 1 137 1 115 1
101 3 20 164 1 138 1 180 1 130 1 106 1 161 1 153 1 121 1 134 1 165 2 108 1 182 1 107 2 109 1 281 1 135 2 99 1 163 2 104 1 141 1
102 3 8 104 1 100 1 175 2 136 1 160 1 122 1 131 1 280 1
//IdTournes NbColis
4 6
//IdColis IdCommandeInColis NbProducts IdProd1 QtyProd1 IdProd2 QtyProd2 ...
6 1 10 260 1 199 1 228 1 227 4 209 1 208 2 246 1 168 6 167 1 172 1
29 3 12 171 1 260 2 228 1 227 1 209 1 188 1 244 4 208 2 246 1 168 2 189 1 148 1
31 3 19 297 1 169 1 221 1 219 1 166 2 197 1 191 1 285 1 192 1 183 1 303 1 185 1 302 2 147 2 193 1 241 1 172 1 239 2 311 1
80 1 10 260 1 199 1 228 1 227 4 209 1 208 2 246 1 168 6 167 1 172 1
103 3 12 171 1 260 2 228 1 227 1 209 1 188 1 244 4 208 2 246 1 168 2 189 1 148 1
105 3 19 297 1 169 1 221 1 219 1 166 2 197 1 191 1 285 1 192 1 183 1 303 1 185 1 302 2 147 2 193 1 241 1 172 1 239 2 311 1
//IdTournes NbColis
5 6
//IdColis IdCommandeInColis NbProducts IdProd1 QtyProd1 IdProd2 QtyProd2 ...
7 1 10 167 2 207 2 144 2 174 2 229 4 221 1 219 4 217 5 149 1 222 1
30 3 8 167 4 226 6 286 2 223 2 207 2 144 2 174 1 308 1
81 1 10 167 2 207 2 144 2 174 2 229 4 221 1 219 4 217 5 149 1 222 1
104 3 8 167 4 226 6 286 2 223 2 207 2 144 2 174 1 308 1
154 1 10 260 1 199 1 228 1 227 4 209 1 208 2 246 1 168 6 167 1 172 1
155 1 10 167 2 207 2 144 2 174 2 229 4 221 1 219 4 217 5 149 1 222 1
//IdTournes NbColis
6 6
//IdColis IdCommandeInColis NbProducts IdProd1 QtyProd1 IdProd2 QtyProd2 ...
8 1 16 166 2 147 2 225 2 193 1 287 1 288 2 248 1 190 4 250 1 258 2 242 1 257 1 289 5 251 2 252 1 239 1
82 1 16 166 2 147 2 225 2 193 1 287 1 288 2 248 1 190 4 250 1 258 2 242 1 257 1 289 5 251 2 252 1 239 1
156 1 16 166 2 147 2 225 2 193 1 287 1 288 2 248 1 190 4 250 1 258 2 242 1 257 1 289 5 251 2 252 1 239 1
230 1 16 166 2 147 2 225 2 193 1 287 1 288 2 248 1 190 4 250 1 258 2 242 1 257 1 289 5 251 2 252 1 239 1
20 2 12 253 1 234 2 292 1 260 1 228 3 227 3 209 1 236 1 208 2 304 1 226 1 301 1
21 2 24 226 1 223 1 205 1 207 2 229 3 245 1 307 2 225 1 287 2 247 1 256 3 235 1 259 2 240 1 254 1 206 1 242 3 301 1 255 1 289 4 249 1 299 2 243 1 204 2
//IdTournes NbColis
7 6
//IdColis IdCommandeInColis NbProducts IdProd1 QtyProd1 IdProd2 QtyProd2 ...
10 2 6 67 2 62 1 22 1 48 2 87 1 266 1
11 2 6 33 2 42 2 70 1 30 2 44 1 63 1
13 2 15 35 1 39 1 63 1 87 1 21 1 79 2 60 1 25 1 66 1 24 1 37 3 86 2 40 1 59 1 47 2
33 4 11 49 1 71 1 48 2 33 2 42 2 75 1 87 1 61 1 46 1 47 1 65 1
34 4 13 30 1 44 1 39 1 68 1 72 1 73 1 29 1 43 1 264 1 64 1 37 1 40 2 45 2
47 5 8 22 1 48 2 33 2 42 2 70 1 30 1 36 1 86 1
//IdTournes NbColis
8 6
//IdColis IdCommandeInColis NbProducts IdProd1 QtyProd1 IdProd2 QtyProd2 ...
12 2 4 44 3 35 3 74 1 69 1
64 6 8 67 1 48 1 33 2 42 2 70 1 30 1 34 1 47 1
84 2 6 67 2 62 1 22 1 48 2 87 1 266 1
85 2 6 33 2 42 2 70 1 30 2 44 1 63 1
86 2 4 44 3 35 3 74 1 69 1
87 2 15 35 1 39 1 63 1 87 1 21 1 79 2 60 1 25 1 66 1 24 1 37 3 86 2 40 1 59 1 47 2
//IdTournes NbColis
9 6
//IdColis IdCommandeInColis NbProducts IdProd1 QtyProd1 IdProd2 QtyProd2 ...
14 2 16 269 1 76 1 273 4 270 1 104 1 95 1 96 1 94 1 105 1 268 1 101 1 89 2 278 1 92 1 296 3 294 1
35 4 5 271 1 269 1 283 1 103 1 90 2
50 5 13 271 1 269 1 76 1 273 3 98 1 105 1 91 1 89 1 93 4 295 2 272 1 90 4 296 2
66 6 8 279 1 271 1 269 1 273 1 276 1 97 1 92 1 277 1
88 2 16 269 1 76 1 273 4 270 1 104 1 95 1 96 1 94 1 105 1 268 1 101 1 89 2 278 1 92 1 296 3 294 1
109 4 5 271 1 269 1 283 1 103 1 90 2
//IdTournes NbColis
10 6
//IdColis IdCommandeInColis NbProducts IdProd1 QtyProd1 IdProd2 QtyProd2 ...
15 2 8 177 1 213 2 199 3 150 3 196 1 188 2 140 1 168 6
36 4 8 177 2 143 3 213 1 210 1 218 2 150 6 196 2 148 1
37 4 13 196 1 140 2 187 1 168 6 189 1 178 1 138 1 139 1 130 2 106 2 111 1 161 1 144 1
38 4 8 161 3 156 3 184 1 144 2 174 6 169 4 200 3 163 1
39 4 11 200 2 121 2 152 3 134 1 158 1 219 5 194 1 211 1 212 4 217 3 165 2
40 4 15 165 1 166 3 159 1 197 2 108 1 170 2 198 3 110 1 182 1 123 1 107 2 109 2 135 3 151 2 129 1
//IdTournes NbColis
11 6
//IdColis IdCommandeInColis NbProducts IdProd1 QtyProd1 IdProd2 QtyProd2 ...
23 3 7 84 1 49 1 271 1 269 1 48 2 50 1 38 1
97 3 7 84 1 49 1 271 1 269 1 48 2 50 1 38 1
149 1 7 49 1 269 1 48 2 33 2 42 2 35 1 51 1
150 1 16 35 1 51 1 273 2 82 1 274 1 262 1 80 1 81 1 93 1 37 2 40 1 265 1 278 1 272 1 83 2 45 1
171 3 7 84 1 49 1 271 1 269 1 48 2 50 1 38 1
172 3 7 33 2 42 2 88 1 76 1 44 2 51 1 267 1
//IdTournes NbColis
12 6
//IdColis IdCommandeInColis NbProducts IdProd1 QtyProd1 IdProd2 QtyProd2 ...
25 3 13 39 2 273 1 270 1 82 2 274 1 32 1 37 2 40 1 41 1 272 1 92 1 296 3 275 1
99 3 13 39 2 273 1 270 1 82 2 274 1 32 1 37 2 40 1 41 1 272 1 92 1 296 3 275 1
173 3 13 39 2 273 1 270 1 82 2 274 1 32 1 37 2 40 1 41 1 272 1 92 1 296 3 275 1
224 1 16 35 1 51 1 273 2 82 1 274 1 262 1 80 1 81 1 93 1 37 2 40 1 265 1 278 1 272 1 83 2 45 1
247 3 13 39 2 273 1 270 1 82 2 274 1 32 1 37 2 40 1 41 1 272 1 92 1 296 3 275 1
223 1 7 49 1 269 1 48 2 33 2 42 2 35 1 51 1
//IdTournes NbColis
13 6
//IdColis IdCommandeInColis NbProducts IdProd1 QtyProd1 IdProd2 QtyProd2 ...
26 3 11 124 2 119 1 143 2 213 1 142 2 214 2 150 1 196 2 216 1 140 2 161 1
41 4 11 151 1 155 1 163 5 147 3 193 1 175 2 176 2 172 5 190 7 160 4 117 2
52 5 10 128 1 154 1 177 4 213 2 214 3 150 1 196 1 188 2 126 1 168 2
53 5 6 168 5 164 1 167 7 148 2 106 2 161 4
55 5 5 152 1 134 1 158 7 219 9 194 7
56 5 12 217 7 165 2 166 1 159 1 197 3 108 1 170 1 198 4 182 1 192 1 107 2 114 2
//IdTournes NbColis
14 6
//IdColis IdCommandeInColis NbProducts IdProd1 QtyProd1 IdProd2 QtyProd2 ...
32 4 6 12 1 13 1 6 1 57 1 3 1 56 1
45 5 8 5 1 12 1 6 3 57 1 58 1 52 1 3 2 19 1
62 6 9 5 1 12 1 4 1 6 2 53 1 16 1 20 1 11 1 54 2
96 3 15 12 1 30 2 13 1 14 1 29 1 18 1 31 1 7 1 2 1 23 1 10 2 11 1 54 1 28 1 9 1
106 4 6 12 1 13 1 6 1 57 1 3 1 56 1
119 5 8 5 1 12 1 6 3 57 1 58 1 52 1 3 2 19 1
//IdTournes NbColis
15 6
//IdColis IdCommandeInColis NbProducts IdProd1 QtyProd1 IdProd2 QtyProd2 ...
42 4 2 127 1 137 2
57 5 14 195 1 135 3 113 1 155 2 129 1 185 1 157 1 163 4 147 3 132 1 193 1 172 6 136 1 190 4
58 5 5 190 3 160 5 117 1 162 3 201 1
67 6 6 128 1 124 2 177 4 133 1 150 5 196 4
68 6 10 168 9 118 1 125 1 138 1 180 1 139 1 148 2 130 2 106 2 151 1
69 6 12 106 1 161 3 156 4 144 2 112 1 152 1 134 1 158 3 219 2 217 4 165 1 159 1
//IdTournes NbColis
16 6
//IdColis IdCommandeInColis NbProducts IdProd1 QtyProd1 IdProd2 QtyProd2 ...
43 4 9 306 1 227 1 209 1 244 2 208 2 226 7 305 1 207 3 299 1
44 4 22 229 7 221 1 245 1 222 2 225 3 300 1 288 2 248 1 250 1 312 1 259 2 284 1 313 1 309 1 301 1 237 1 310 1 289 6 308 1 299 1 252 1 311 1
59 5 13 292 1 260 1 227 1 209 1 236 1 208 2 290 1 226 3 223 2 205 1 207 3 229 2 287 1
61 5 8 240 1 202 1 206 1 258 1 301 1 289 2 239 1 204 1
71 6 10 291 1 234 1 231 1 227 1 232 1 209 1 236 1 244 9 208 1 237 1
72 6 8 208 1 290 1 226 7 207 2 229 4 230 1 222 5 238 1
//IdTournes NbColis
17 6
//IdColis IdCommandeInColis NbProducts IdProd1 QtyProd1 IdProd2 QtyProd2 ...
46 5 5 26 1 77 1 67 2 29 1 45 1
48 5 2 30 4 44 2
49 5 11 44 2 35 1 39 1 82 1 32 1 21 2 80 1 81 2 37 1 40 2 28 1
63 6 4 293 1 67 3 48 1 24 1
65 6 14 30 1 51 1 50 1 23 1 25 1 78 1 85 1 40 1 27 1 263 1 47 1 83 2 28 3 45 2
107 4 11 49 1 71 1 48 2 33 2 42 2 75 1 87 1 61 1 46 1 47 1 65 1
//IdTournes NbColis
18 6
//IdColis IdCommandeInColis NbProducts IdProd1 QtyProd1 IdProd2 QtyProd2 ...
51 5 1 102 1
124 5 13 271 1 269 1 76 1 273 3 98 1 105 1 91 1 89 1 93 4 295 2 272 1 90 4 296 2
125 5 1 102 1
140 6 8 279 1 271 1 269 1 273 1 276 1 97 1 92 1 277 1
153 1 5 94 1 282 1 136 1 137 1 115 1
162 2 16 269 1 76 1 273 4 270 1 104 1 95 1 96 1 94 1 105 1 268 1 101 1 89 2 278 1 92 1 296 3 294 1
//IdTournes NbColis
19 6
//IdColis IdCommandeInColis NbProducts IdProd1 QtyProd1 IdProd2 QtyProd2 ...
54 5 7 156 2 184 1 144 3 174 5 169 9 121 1 152 2
70 6 14 165 2 192 1 151 3 163 4 141 1 172 3 136 1 190 7 145 1 220 1 160 2 162 1 201 1 146 1
89 2 8 177 1 213 2 199 3 150 3 196 1 188 2 140 1 168 6
90 2 10 168 1 164 3 167 4 148 3 130 1 106 1 111 1 161 2 156 4 215 1
91 2 15 184 1 144 3 174 1 121 1 134 1 158 2 219 2 217 3 165 1 197 1 108 1 186 1 170 3 198 3 193 1
92 2 15 110 1 182 3 120 1 107 2 114 2 183 3 173 1 109 1 135 3 151 2 155 2 129 1 185 1 157 1 147 3
//IdTournes NbColis
20 6
//IdColis IdCommandeInColis NbProducts IdProd1 QtyProd1 IdProd2 QtyProd2 ...
60 5 13 229 1 221 2 203 1 222 3 225 7 287 2 300 1 248 1 298 1 250 7 256 1 259 2 240 2
73 6 11 233 1 225 5 241 2 248 2 235 1 259 1 240 1 224 1 289 1 239 1 204 2
94 2 12 253 1 234 2 292 1 260 1 228 3 227 3 209 1 236 1 208 2 304 1 226 1 301 1
95 2 24 226 1 223 1 205 1 207 2 229 3 245 1 307 2 225 1 287 2 247 1 256 3 235 1 259 2 240 1 254 1 206 1 242 3 301 1 255 1 289 4 249 1 299 2 243 1 204 2
118 4 22 229 7 221 1 245 1 222 2 225 3 300 1 288 2 248 1 250 1 312 1 259 2 284 1 313 1 309 1 301 1 237 1 310 1 289 6 308 1 299 1 252 1 311 1
133 5 13 292 1 260 1 227 1 209 1 236 1 208 2 290 1 226 3 223 2 205 1 207 3 229 2 287 1
//IdTournes NbColis
21 6
//IdColis IdCommandeInColis NbProducts IdProd1 QtyProd1 IdProd2 QtyProd2 ...
77 1 10 154 1 177 4 143 1 142 2 133 1 150 4 140 1 164 2 138 1 139 1
78 1 14 156 2 153 1 121 1 134 1 158 1 165 4 116 1 108 1 120 1 107 2 135 2 151 2 155 4 163 2
93 2 11 175 2 176 1 172 2 136 1 190 6 179 1 160 1 162 1 181 1 131 1 115 1
100 3 11 124 2 119 1 143 2 213 1 142 2 214 2 150 1 196 2 216 1 140 2 161 1
111 4 13 196 1 140 2 187 1 168 6 189 1 178 1 138 1 139 1 130 2 106 2 111 1 161 1 144 1
112 4 8 161 3 156 3 184 1 144 2 174 6 169 4 200 3 163 1
//IdTournes NbColis
22 6
//IdColis IdCommandeInColis NbProducts IdProd1 QtyProd1 IdProd2 QtyProd2 ...
83 2 7 12 1 15 1 6 3 55 1 58 1 1 1 17 1
157 2 7 12 1 15 1 6 3 55 1 58 1 1 1 17 1
231 2 7 12 1 15 1 6 3 55 1 58 1 1 1 17 1
136 6 9 5 1 12 1 4 1 6 2 53 1 16 1 20 1 11 1 54 2
170 3 15 12 1 30 2 13 1 14 1 29 1 18 1 31 1 7 1 2 1 23 1 10 2 11 1 54 1 28 1 9 1
180 4 6 12 1 13 1 6 1 57 1 3 1 56 1
//IdTournes NbColis
23 6
//IdColis IdCommandeInColis NbProducts IdProd1 QtyProd1 IdProd2 QtyProd2 ...
108 4 13 30 1 44 1 39 1 68 1 72 1 73 1 29 1 43 1 264 1 64 1 37 1 40 2 45 2
121 5 8 22 1 48 2 33 2 42 2 70 1 30 1 36 1 86 1
138 6 8 67 1 48 1 33 2 42 2 70 1 30 1 34 1 47 1
158 2 6 67 2 62 1 22 1 48 2 87 1 266 1
159 2 6 33 2 42 2 70 1 30 2 44 1 63 1
161 2 15 35 1 39 1 63 1 87 1 21 1 79 2 60 1 25 1 66 1 24 1 37 3 86 2 40 1 59 1 47 2
//IdTournes NbColis
24 6
//IdColis IdCommandeInColis NbProducts IdProd1 QtyProd1 IdProd2 QtyProd2 ...
110 4 8 177 2 143 3 213 1 210 1 218 2 150 6 196 2 148 1
113 4 11 200 2 121 2 152 3 134 1 158 1 219 5 194 1 211 1 212 4 217 3 165 2
114 4 15 165 1 166 3 159 1 197 2 108 1 170 2 198 3 110 1 182 1 123 1 107 2 109 2 135 3 151 2 129 1
115 4 11 151 1 155 1 163 5 147 3 193 1 175 2 176 2 172 5 190 7 160 4 117 2
126 5 10 128 1 154 1 177 4 213 2 214 3 150 1 196 1 188 2 126 1 168 2
127 5 6 168 5 164 1 167 7 148 2 106 2 161 4
//IdTournes NbColis
25 6
//IdColis IdCommandeInColis NbProducts IdProd1 QtyProd1 IdProd2 QtyProd2 ...
116 4 2 127 1 137 2
129 5 5 152 1 134 1 158 7 219 9 194 7
130 5 12 217 7 165 2 166 1 159 1 197 3 108 1 170 1 198 4 182 1 192 1 107 2 114 2
131 5 14 195 1 135 3 113 1 155 2 129 1 185 1 157 1 163 4 147 3 132 1 193 1 172 6 136 1 190 4
132 5 5 190 3 160 5 117 1 162 3 201 1
141 6 6 128 1 124 2 177 4 133 1 150 5 196 4
//IdTournes NbColis
26 6
//IdColis IdCommandeInColis NbProducts IdProd1 QtyProd1 IdProd2 QtyProd2 ...
117 4 9 306 1 227 1 209 1 244 2 208 2 226 7 305 1 207 3 299 1
135 5 8 240 1 202 1 206 1 258 1 301 1 289 2 239 1 204 1
145 6 10 291 1 234 1 231 1 227 1 232 1 209 1 236 1 244 9 208 1 237 1
146 6 8 208 1 290 1 226 7 207 2 229 4 230 1 222 5 238 1
147 6 11 233 1 225 5 241 2 248 2 235 1 259 1 240 1 224 1 289 1 239 1 204 2
168 2 12 253 1 234 2 292 1 260 1 228 3 227 3 209 1 236 1 208 2 304 1 226 1 301 1
//IdTournes NbColis
27 6
//IdColis IdCommandeInColis NbProducts IdProd1 QtyProd1 IdProd2 QtyProd2 ...
120 5 5 26 1 77 1 67 2 29 1 45 1
122 5 2 30 4 44 2
123 5 11 44 2 35 1 39 1 82 1 32 1 21 2 80 1 81 2 37 1 40 2 28 1
137 6 4 293 1 67 3 48 1 24 1
139 6 14 30 1 51 1 50 1 23 1 25 1 78 1 85 1 40 1 27 1 263 1 47 1 83 2 28 3 45 2
181 4 11 49 1 71 1 48 2 33 2 42 2 75 1 87 1 61 1 46 1 47 1 65 1
//IdTournes NbColis
28 6
//IdColis IdCommandeInColis NbProducts IdProd1 QtyProd1 IdProd2 QtyProd2 ...
128 5 7 156 2 184 1 144 3 174 5 169 9 121 1 152 2
142 6 10 168 9 118 1 125 1 138 1 180 1 139 1 148 2 130 2 106 2 151 1
143 6 12 106 1 161 3 156 4 144 2 112 1 152 1 134 1 158 3 219 2 217 4 165 1 159 1
144 6 14 165 2 192 1 151 3 163 4 141 1 172 3 136 1 190 7 145 1 220 1 160 2 162 1 201 1 146 1
163 2 8 177 1 213 2 199 3 150 3 196 1 188 2 140 1 168 6
164 2 10 168 1 164 3 167 4 148 3 130 1 106 1 111 1 161 2 156 4 215 1
//IdTournes NbColis
29 6
//IdColis IdCommandeInColis NbProducts IdProd1 QtyProd1 IdProd2 QtyProd2 ...
134 5 13 229 1 221 2 203 1 222 3 225 7 287 2 300 1 248 1 298 1 250 7 256 1 259 2 240 2
169 2 24 226 1 223 1 205 1 207 2 229 3 245 1 307 2 225 1 287 2 247 1 256 3 235 1 259 2 240 1 254 1 206 1 242 3 301 1 255 1 289 4 249 1 299 2 243 1 204 2
192 4 22 229 7 221 1 245 1 222 2 225 3 300 1 288 2 248 1 250 1 312 1 259 2 284 1 313 1 309 1 301 1 237 1 310 1 289 6 308 1 299 1 252 1 311 1
207 5 13 292 1 260 1 227 1 209 1 236 1 208 2 290 1 226 3 223 2 205 1 207 3 229 2 287 1
208 5 13 229 1 221 2 203 1 222 3 225 7 287 2 300 1 248 1 298 1 250 7 256 1 259 2 240 2
209 5 8 240 1 202 1 206 1 258 1 301 1 289 2 239 1 204 1
//IdTournes NbColis
30 6
//IdColis IdCommandeInColis NbProducts IdProd1 QtyProd1 IdProd2 QtyProd2 ...
151 1 10 154 1 177 4 143 1 142 2 133 1 150 4 140 1 164 2 138 1 139 1
152 1 14 156 2 153 1 121 1 134 1 158 1 165 4 116 1 108 1 120 1 107 2 135 2 151 2 155 4 163 2
165 2 15 184 1 144 3 174 1 121 1 134 1 158 2 219 2 217 3 165 1 197 1 108 1 186 1 170 3 198 3 193 1
166 2 15 110 1 182 3 120 1 107 2 114 2 183 3 173 1 109 1 135 3 151 2 155 2 129 1 185 1 157 1 147 3
167 2 11 175 2 176 1 172 2 136 1 190 6 179 1 160 1 162 1 181 1 131 1 115 1
174 3 11 124 2 119 1 143 2 213 1 142 2 214 2 150 1 196 2 216 1 140 2 161 1
//IdTournes NbColis
31 6
//IdColis IdCommandeInColis NbProducts IdProd1 QtyProd1 IdProd2 QtyProd2 ...
160 2 4 44 3 35 3 74 1 69 1
182 4 13 30 1 44 1 39 1 68 1 72 1 73 1 29 1 43 1 264 1 64 1 37 1 40 2 45 2
195 5 8 22 1 48 2 33 2 42 2 70 1 30 1 36 1 86 1
212 6 8 67 1 48 1 33 2 42 2 70 1 30 1 34 1 47 1
232 2 6 67 2 62 1 22 1 48 2 87 1 266 1
233 2 6 33 2 42 2 70 1 30 2 44 1 63 1
//IdTournes NbColis
32 6
//IdColis IdCommandeInColis NbProducts IdProd1 QtyProd1 IdProd2 QtyProd2 ...
175 3 20 164 1 138 1 180 1 130 1 106 1 161 1 153 1 121 1 134 1 165 2 108 1 182 1 107 2 109 1 281 1 135 2 99 1 163 2 104 1 141 1
176 3 8 104 1 100 1 175 2 136 1 160 1 122 1 131 1 280 1
249 3 20 164 1 138 1 180 1 130 1 106 1 161 1 153 1 121 1 134 1 165 2 108 1 182 1 107 2 109 1 281 1 135 2 99 1 163 2 104 1 141 1
250 3 8 104 1 100 1 175 2 136 1 160 1 122 1 131 1 280 1
227 1 5 94 1 282 1 136 1 137 1 115 1
185 4 13 196 1 140 2 187 1 168 6 189 1 178 1 138 1 139 1 130 2 106 2 111 1 161 1 144 1
//IdTournes NbColis
33 6
//IdColis IdCommandeInColis NbProducts IdProd1 QtyProd1 IdProd2 QtyProd2 ...
177 3 12 171 1 260 2 228 1 227 1 209 1 188 1 244 4 208 2 246 1 168 2 189 1 148 1
179 3 19 297 1 169 1 221 1 219 1 166 2 197 1 191 1 285 1 192 1 183 1 303 1 185 1 302 2 147 2 193 1 241 1 172 1 239 2 311 1
228 1 10 260 1 199 1 228 1 227 4 209 1 208 2 246 1 168 6 167 1 172 1
251 3 12 171 1 260 2 228 1 227 1 209 1 188 1 244 4 208 2 246 1 168 2 189 1 148 1
253 3 19 297 1 169 1 221 1 219 1 166 2 197 1 191 1 285 1 192 1 183 1 303 1 185 1 302 2 147 2 193 1 241 1 172 1 239 2 311 1
178 3 8 167 4 226 6 286 2 223 2 207 2 144 2 174 1 308 1
//IdTournes NbColis
34 6
//IdColis IdCommandeInColis NbProducts IdProd1 QtyProd1 IdProd2 QtyProd2 ...
183 4 5 271 1 269 1 283 1 103 1 90 2
214 6 8 279 1 271 1 269 1 273 1 276 1 97 1 92 1 277 1
257 4 5 271 1 269 1 283 1 103 1 90 2
288 6 8 279 1 271 1 269 1 273 1 276 1 97 1 92 1 277 1
198 5 13 271 1 269 1 76 1 273 3 98 1 105 1 91 1 89 1 93 4 295 2 272 1 90 4 296 2
236 2 16 269 1 76 1 273 4 270 1 104 1 95 1 96 1 94 1 105 1 268 1 101 1 89 2 278 1 92 1 296 3 294 1
//IdTournes NbColis
35 6
//IdColis IdCommandeInColis NbProducts IdProd1 QtyProd1 IdProd2 QtyProd2 ...
184 4 8 177 2 143 3 213 1 210 1 218 2 150 6 196 2 148 1
186 4 8 161 3 156 3 184 1 144 2 174 6 169 4 200 3 163 1
187 4 11 200 2 121 2 152 3 134 1 158 1 219 5 194 1 211 1 212 4 217 3 165 2
188 4 15 165 1 166 3 159 1 197 2 108 1 170 2 198 3 110 1 182 1 123 1 107 2 109 2 135 3 151 2 129 1
189 4 11 151 1 155 1 163 5 147 3 193 1 175 2 176 2 172 5 190 7 160 4 117 2
200 5 10 128 1 154 1 177 4 213 2 214 3 150 1 196 1 188 2 126 1 168 2
//IdTournes NbColis
36 6
//IdColis IdCommandeInColis NbProducts IdProd1 QtyProd1 IdProd2 QtyProd2 ...
190 4 2 127 1 137 2
201 5 6 168 5 164 1 167 7 148 2 106 2 161 4
203 5 5 152 1 134 1 158 7 219 9 194 7
204 5 12 217 7 165 2 166 1 159 1 197 3 108 1 170 1 198 4 182 1 192 1 107 2 114 2
205 5 14 195 1 135 3 113 1 155 2 129 1 185 1 157 1 163 4 147 3 132 1 193 1 172 6 136 1 190 4
206 5 5 190 3 160 5 117 1 162 3 201 1
//IdTournes NbColis
37 6
//IdColis IdCommandeInColis NbProducts IdProd1 QtyProd1 IdProd2 QtyProd2 ...
191 4 9 306 1 227 1 209 1 244 2 208 2 226 7 305 1 207 3 299 1
219 6 10 291 1 234 1 231 1 227 1 232 1 209 1 236 1 244 9 208 1 237 1
220 6 8 208 1 290 1 226 7 207 2 229 4 230 1 222 5 238 1
221 6 11 233 1 225 5 241 2 248 2 235 1 259 1 240 1 224 1 289 1 239 1 204 2
242 2 12 253 1 234 2 292 1 260 1 228 3 227 3 209 1 236 1 208 2 304 1 226 1 301 1
243 2 24 226 1 223 1 205 1 207 2 229 3 245 1 307 2 225 1 287 2 247 1 256 3 235 1 259 2 240 1 254 1 206 1 242 3 301 1 255 1 289 4 249 1 299 2 243 1 204 2
//IdTournes NbColis
38 6
//IdColis IdCommandeInColis NbProducts IdProd1 QtyProd1 IdProd2 QtyProd2 ...
193 5 8 5 1 12 1 6 3 57 1 58 1 52 1 3 2 19 1
210 6 9 5 1 12 1 4 1 6 2 53 1 16 1 20 1 11 1 54 2
244 3 15 12 1 30 2 13 1 14 1 29 1 18 1 31 1 7 1 2 1 23 1 10 2 11 1 54 1 28 1 9 1
254 4 6 12 1 13 1 6 1 57 1 3 1 56 1
267 5 8 5 1 12 1 6 3 57 1 58 1 52 1 3 2 19 1
284 6 9 5 1 12 1 4 1 6 2 53 1 16 1 20 1 11 1 54 2
//IdTournes NbColis
39 6
//IdColis IdCommandeInColis NbProducts IdProd1 QtyProd1 IdProd2 QtyProd2 ...
194 5 5 26 1 77 1 67 2 29 1 45 1
196 5 2 30 4 44 2
197 5 11 44 2 35 1 39 1 82 1 32 1 21 2 80 1 81 2 37 1 40 2 28 1
211 6 4 293 1 67 3 48 1 24 1
213 6 14 30 1 51 1 50 1 23 1 25 1 78 1 85 1 40 1 27 1 263 1 47 1 83 2 28 3 45 2
235 2 15 35 1 39 1 63 1 87 1 21 1 79 2 60 1 25 1 66 1 24 1 37 3 86 2 40 1 59 1 47 2
//IdTournes NbColis
40 6
//IdColis IdCommandeInColis NbProducts IdProd1 QtyProd1 IdProd2 QtyProd2 ...
199 5 1 102 1
272 5 13 271 1 269 1 76 1 273 3 98 1 105 1 91 1 89 1 93 4 295 2 272 1 90 4 296 2
273 5 1 102 1
202 5 7 156 2 184 1 144 3 174 5 169 9 121 1 152 2
215 6 6 128 1 124 2 177 4 133 1 150 5 196 4
216 6 10 168 9 118 1 125 1 138 1 180 1 139 1 148 2 130 2 106 2 151 1
//IdTournes NbColis
41 6
//IdColis IdCommandeInColis NbProducts IdProd1 QtyProd1 IdProd2 QtyProd2 ...
217 6 12 106 1 161 3 156 4 144 2 112 1 152 1 134 1 158 3 219 2 217 4 165 1 159 1
218 6 14 165 2 192 1 151 3 163 4 141 1 172 3 136 1 190 7 145 1 220 1 160 2 162 1 201 1 146 1
238 2 10 168 1 164 3 167 4 148 3 130 1 106 1 111 1 161 2 156 4 215 1
239 2 15 184 1 144 3 174 1 121 1 134 1 158 2 219 2 217 3 165 1 197 1 108 1 186 1 170 3 198 3 193 1
240 2 15 110 1 182 3 120 1 107 2 114 2 183 3 173 1 109 1 135 3 151 2 155 2 129 1 185 1 157 1 147 3
241 2 11 175 2 176 1 172 2 136 1 190 6 179 1 160 1 162 1 181 1 131 1 115 1
//IdTournes NbColis
42 6
//IdColis IdCommandeInColis NbProducts IdProd1 QtyProd1 IdProd2 QtyProd2 ...
225 1 10 154 1 177 4 143 1 142 2 133 1 150 4 140 1 164 2 138 1 139 1
226 1 14 156 2 153 1 121 1 134 1 158 1 165 4 116 1 108 1 120 1 107 2 135 2 151 2 155 4 163 2
248 3 11 124 2 119 1 143 2 213 1 142 2 214 2 150 1 196 2 216 1 140 2 161 1
259 4 13 196 1 140 2 187 1 168 6 189 1 178 1 138 1 139 1 130 2 106 2 111 1 161 1 144 1
260 4 8 161 3 156 3 184 1 144 2 174 6 169 4 200 3 163 1
261 4 11 200 2 121 2 152 3 134 1 158 1 219 5 194 1 211 1 212 4 217 3 165 2
//IdTournes NbColis
43 6
//IdColis IdCommandeInColis NbProducts IdProd1 QtyProd1 IdProd2 QtyProd2 ...
229 1 10 167 2 207 2 144 2 174 2 229 4 221 1 219 4 217 5 149 1 222 1
252 3 8 167 4 226 6 286 2 223 2 207 2 144 2 174 1 308 1
265 4 9 306 1 227 1 209 1 244 2 208 2 226 7 305 1 207 3 299 1
266 4 22 229 7 221 1 245 1 222 2 225 3 300 1 288 2 248 1 250 1 312 1 259 2 284 1 313 1 309 1 301 1 237 1 310 1 289 6 308 1 299 1 252 1 311 1
281 5 13 292 1 260 1 227 1 209 1 236 1 208 2 290 1 226 3 223 2 205 1 207 3 229 2 287 1
283 5 8 240 1 202 1 206 1 258 1 301 1 289 2 239 1 204 1
//IdTournes NbColis
44 6
//IdColis IdCommandeInColis NbProducts IdProd1 QtyProd1 IdProd2 QtyProd2 ...
234 2 4 44 3 35 3 74 1 69 1
246 3 7 33 2 42 2 88 1 76 1 44 2 51 1 267 1
255 4 11 49 1 71 1 48 2 33 2 42 2 75 1 87 1 61 1 46 1 47 1 65 1
256 4 13 30 1 44 1 39 1 68 1 72 1 73 1 29 1 43 1 264 1 64 1 37 1 40 2 45 2
269 5 8 22 1 48 2 33 2 42 2 70 1 30 1 36 1 86 1
286 6 8 67 1 48 1 33 2 42 2 70 1 30 1 34 1 47 1
//IdTournes NbColis
45 6
//IdColis IdCommandeInColis NbProducts IdProd1 QtyProd1 IdProd2 QtyProd2 ...
237 2 8 177 1 213 2 199 3 150 3 196 1 188 2 140 1 168 6
258 4 8 177 2 143 3 213 1 210 1 218 2 150 6 196 2 148 1
262 4 15 165 1 166 3 159 1 197 2 108 1 170 2 198 3 110 1 182 1 123 1 107 2 109 2 135 3 151 2 129 1
263 4 11 151 1 155 1 163 5 147 3 193 1 175 2 176 2 172 5 190 7 160 4 117 2
274 5 10 128 1 154 1 177 4 213 2 214 3 150 1 196 1 188 2 126 1 168 2
275 5 6 168 5 164 1 167 7 148 2 106 2 161 4
//IdTournes NbColis
46 6
//IdColis IdCommandeInColis NbProducts IdProd1 QtyProd1 IdProd2 QtyProd2 ...
245 3 7 84 1 49 1 271 1 269 1 48 2 50 1 38 1
271 5 11 44 2 35 1 39 1 82 1 32 1 21 2 80 1 81 2 37 1 40 2 28 1
285 6 4 293 1 67 3 48 1 24 1
287 6 14 30 1 51 1 50 1 23 1 25 1 78 1 85 1 40 1 27 1 263 1 47 1 83 2 28 3 45 2
264 4 2 127 1 137 2
268 5 5 26 1 77 1 67 2 29 1 45 1
//IdTournes NbColis
47 6
//IdColis IdCommandeInColis NbProducts IdProd1 QtyProd1 IdProd2 QtyProd2 ...
270 5 2 30 4 44 2
276 5 7 156 2 184 1 144 3 174 5 169 9 121 1 152 2
277 5 5 152 1 134 1 158 7 219 9 194 7
278 5 12 217 7 165 2 166 1 159 1 197 3 108 1 170 1 198 4 182 1 192 1 107 2 114 2
279 5 14 195 1 135 3 113 1 155 2 129 1 185 1 157 1 163 4 147 3 132 1 193 1 172 6 136 1 190 4
280 5 5 190 3 160 5 117 1 162 3 201 1
//IdTournes NbColis
48 6
//IdColis IdCommandeInColis NbProducts IdProd1 QtyProd1 IdProd2 QtyProd2 ...
282 5 13 229 1 221 2 203 1 222 3 225 7 287 2 300 1 248 1 298 1 250 7 256 1 259 2 240 2
293 6 10 291 1 234 1 231 1 227 1 232 1 209 1 236 1 244 9 208 1 237 1
295 6 11 233 1 225 5 241 2 248 2 235 1 259 1 240 1 224 1 289 1 239 1 204 2
294 6 8 208 1 290 1 226 7 207 2 229 4 230 1 222 5 238 1
289 6 6 128 1 124 2 177 4 133 1 150 5 196 4
290 6 10 168 9 118 1 125 1 138 1 180 1 139 1 148 2 130 2 106 2 151 1
//IdTournes NbColis
49 2
//IdColis IdCommandeInColis NbProducts IdProd1 QtyProd1 IdProd2 QtyProd2 ...
291 6 12 106 1 161 3 156 4 144 2 112 1 152 1 134 1 158 3 219 2 217 4 165 1 159 1
292 6 14 165 2 192 1 151 3 163 4 141 1 172 3 136 1 190 7 145 1 220 1 160 2 162 1 201 1 146 1
//IdTournes NbColis
0 6
//IdColis IdCommandeInColis NbProducts IdProd1 QtyProd1 IdProd2 QtyProd2 ...
0 1 6 22 1 12 1 6 4 8 1 1 1 261 1
74 1 6 22 1 12 1 6 4 8 1 1 1 261 1
148 1 6 22 1 12 1 6 4 8 1 1 1 261 1
222 1 6 22 1 12 1 6 4 8 1 1 1 261 1
296 1 6 22 1 12 1 6 4 8 1 1 1 261 1
9 2 7 12 1 15 1 6 3 55 1 58 1 1 1 17 1
//IdTournes NbColis
1 6
//IdColis IdCommandeInColis NbProducts IdProd1 QtyProd1 IdProd2 QtyProd2 ...
1 1 7 49 1 269 1 48 2 33 2 42 2 35 1 51 1
2 1 16 35 1 51 1 273 2 82 1 274 1 262 1 80 1 81 1 93 1 37 2 40 1 265 1 278 1 272 1 83 2 45 1
24 3 7 33 2 42 2 88 1 76 1 44 2 51 1 267 1
75 1 7 49 1 269 1 48 2 33 2 42 2 35 1 51 1
76 1 16 35 1 51 1 273 2 82 1 274 1 262 1 80 1 81 1 93 1 37 2 40 1 265 1 278 1 272 1 83 2 45 1
98 3 7 33 2 42 2 88 1 76 1 44 2 51 1 267 1
//IdTournes NbColis
2 6
//IdColis IdCommandeInColis NbProducts IdProd1 QtyProd1 IdProd2 QtyProd2 ...
3 1 10 154 1 177 4 143 1 142 2 133 1 150 4 140 1 164 2 138 1 139 1
4 1 14 156 2 153 1 121 1 134 1 158 1 165 4 116 1 108 1 120 1 107 2 135 2 151 2 155 4 163 2
16 2 10 168 1 164 3 167 4 148 3 130 1 106 1 111 1 161 2 156 4 215 1
17 2 15 184 1 144 3 174 1 121 1 134 1 158 2 219 2 217 3 165 1 197 1 108 1 186 1 170 3 198 3 193 1
18 2 15 110 1 182 3 120 1 107 2 114 2 183 3 173 1 109 1 135 3 151 2 155 2 129 1 185 1 157 1 147 3
19 2 11 175 2 176 1 172 2 136 1 190 6 179 1 160 1 162 1 181 1 131 1 115 1
//IdTournes NbColis
3 6
//IdColis IdCommandeInColis NbProducts IdProd1 QtyProd1 IdProd2 QtyProd2 ...
5 1 5 94 1 282 1 136 1 137 1 115 1
27 3 20 164 1 138 1 180 1 130 1 106 1 161 1 153 1 121 1 134 1 165 2 108 1 182 1 107 2 109 1 281 1 135 2 99 1 163 2 104 1 141 1
28 3 8 104 1 100 1 175 2 136 1 160 1 122 1 131 1 280 1
79 1 5 94 1 282 1 136 1 137 1 115 1
101 3 20 164 1 138 1 180 1 130 1 106 1 161 1 153 1 121 1 134 1 165 2 108 1 182 1 107 2 109 1 281 1 135 2 99 1 163 2 104 1 141 1
102 3 8 104 1 100 1 175 2 136 1 160 1 122 1 131 1 280 1
//IdTournes NbColis
4 6
//IdColis IdCommandeInColis NbProducts IdProd1 QtyProd1 IdProd2 QtyProd2 ...
6 1 10 260 1 199 1 228 1 227 4 209 1 208 2 246 1 168 6 167 1 172 1
29 3 12 171 1 260 2 228 1 227 1 209 1 188 1 244 4 208 2 246 1 168 2 189 1 148 1
31 3 19 297 1 169 1 221 1 219 1 166 2 197 1 191 1 285 1 192 1 183 1 303 1 185 1 302 2 147 2 193 1 241 1 172 1 239 2 311 1
80 1 10 260 1 199 1 228 1 227 4 209 1 208 2 246 1 168 6 167 1 172 1
103 3 12 171 1 260 2 228 1 227 1 209 1 188 1 244 4 208 2 246 1 168 2 189 1 148 1
105 3 19 297 1 169 1 221 1 219 1 166 2 197 1 191 1 285 1 192 1 183 1 303 1 185 1 302 2 147 2 193 1 241 1 172 1 239 2 311 1
//IdTournes NbColis
5 6
//IdColis IdCommandeInColis NbProducts IdProd1 QtyProd1 IdProd2 QtyProd2 ...
7 1 10 167 2 207 2 144 2 174 2 229 4 221 1 219 4 217 5 149 1 222 1
30 3 8 167 4 226 6 286 2 223 2 207 2 144 2 174 1 308 1
81 1 10 167 2 207 2 144 2 174 2 229 4 221 1 219 4 217 5 149 1 222 1
104 3 8 167 4 226 6 286 2 223 2 207 2 144 2 174 1 308 1
154 1 10 260 1 199 1 228 1 227 4 209 1 208 2 246 1 168 6 167 1 172 1
155 1 10 167 2 207 2 144 2 174 2 229 4 221 1 219 4 217 5 149 1 222 1
//IdTournes NbColis
6 6
//IdColis IdCommandeInColis NbProducts IdProd1 QtyProd1 IdProd2 QtyProd2 ...
8 1 16 166 2 147 2 225 2 193 1 287 1 288 2 248 1 190 4 250 1 258 2 242 1 257 1 289 5 251 2 252 1 239 1
82 1 16 166 2 147 2 225 2 193 1 287 1 288 2 248 1 190 4 250 1 258 2 242 1 257 1 289 5 251 2 252 1 239 1
156 1 16 166 2 147 2 225 2 193 1 287 1 288 2 248 1 190 4 250 1 258 2 242 1 257 1 289 5 251 2 252 1 239 1
230 1 16 166 2 147 2 225 2 193 1 287 1 288 2 248 1 190 4 250 1 258 2 242 1 257 1 289 5 251 2 252 1 239 1
304 1 16 166 2 147 2 225 2 193 1 287 1 288 2 248 1 190 4 250 1 258 2 242 1 257 1 289 5 251 2 252 1 239 1
20 2 12 253 1 234 2 292 1 260 1 228 3 227 3 209 1 236 1 208 2 304 1 226 1 301 1
//IdTournes NbColis
7 6
//IdColis IdCommandeInColis NbProducts IdProd1 QtyProd1 IdProd2 QtyProd2 ...
10 2 6 67 2 62 1 22 1 48 2 87 1 266 1
11 2 6 33 2 42 2 70 1 30 2 44 1 63 1
13 2 15 35 1 39 1 63 1 87 1 21 1 79 2 60 1 25 1 66 1 24 1 37 3 86 2 40 1 59 1 47 2
33 4 11 49 1 71 1 48 2 33 2 42 2 75 1 87 1 61 1 46 1 47 1 65 1
34 4 13 30 1 44 1 39 1 68 1 72 1 73 1 29 1 43 1 264 1 64 1 37 1 40 2 45 2
47 5 8 22 1 48 2 33 2 42 2 70 1 30 1 36 1 86 1
//IdTournes NbColis
8 6
//IdColis IdCommandeInColis NbProducts IdProd1 QtyProd1 IdProd2 QtyProd2 ...
12 2 4 44 3 35 3 74 1 69 1
64 6 8 67 1 48 1 33 2 42 2 70 1 30 1 34 1 47 1
84 2 6 67 2 62 1 22 1 48 2 87 1 266 1
85 2 6 33 2 42 2 70 1 30 2 44 1 63 1
86 2 4 44 3 35 3 74 1 69 1
87 2 15 35 1 39 1 63 1 87 1 21 1 79 2 60 1 25 1 66 1 24 1 37 3 86 2 40 1 59 1 47 2
//IdTournes NbColis
9 6
//IdColis IdCommandeInColis NbProducts IdProd1 QtyProd1 IdProd2 QtyProd2 ...
14 2 16 269 1 76 1 273 4 270 1 104 1 95 1 96 1 94 1 105 1 268 1 101 1 89 2 278 1 92 1 296 3 294 1
35 4 5 271 1 269 1 283 1 103 1 90 2
50 5 13 271 1 269 1 76 1 273 3 98 1 105 1 91 1 89 1 93 4 295 2 272 1 90 4 296 2
66 6 8 279 1 271 1 269 1 273 1 276 1 97 1 92 1 277 1
88 2 16 269 1 76 1 273 4 270 1 104 1 95 1 96 1 94 1 105 1 268 1 101 1 89 2 278 1 92 1 296 3 294 1
109 4 5 271 1 269 1 283 1 103 1 90 2
//IdTournes NbColis
10 6
//IdColis IdCommandeInColis NbProducts IdProd1 QtyProd1 IdProd2 QtyProd2 ...
15 2 8 177 1 213 2 199 3 150 3 196 1 188 2 140 1 168 6
36 4 8 177 2 143 3 213 1 210 1 218 2 150 6 196 2 148 1
37 4 13 196 1 140 2 187 1 168 6 189 1 178 1 138 1 139 1 130 2 106 2 111 1 161 1 144 1
38 4 8 161 3 156 3 184 1 144 2 174 6 169 4 200 3 163 1
39 4 11 200 2 121 2 152 3 134 1 158 1 219 5 194 1 211 1 212 4 217 3 165 2
40 4 15 165 1 166 3 159 1 197 2 108 1 170 2 198 3 110 1 182 1 123 1 107 2 109 2 135 3 151 2 129 1
//IdTournes NbColis
11 6
//IdColis IdCommandeInColis NbProducts IdProd1 QtyProd1 IdProd2 QtyProd2 ...
21 2 24 226 1 223 1 205 1 207 2 229 3 245 1 307 2 225 1 287 2 247 1 256 3 235 1 259 2 240 1 254 1 206 1 242 3 301 1 255 1 289 4 249 1 299 2 243 1 204 2
44 4 22 229 7 221 1 245 1 222 2 225 3 300 1 288 2 248 1 250 1 312 1 259 2 284 1 313 1 309 1 301 1 237 1 310 1 289 6 308 1 299 1 252 1 311 1
59 5 13 292 1 260 1 227 1 209 1 236 1 208 2 290 1 226 3 223 2 205 1 207 3 229 2 287 1
61 5 8 240 1 202 1 206 1 258 1 301 1 289 2 239 1 204 1
71 6 10 291 1 234 1 231 1 227 1 232 1 209 1 236 1 244 9 208 1 237 1
73 6 11 233 1 225 5 241 2 248 2 235 1 259 1 240 1 224 1 289 1 239 1 204 2
//IdTournes NbColis
12 6
//IdColis IdCommandeInColis NbProducts IdProd1 QtyProd1 IdProd2 QtyProd2 ...
22 3 15 12 1 30 2 13 1 14 1 29 1 18 1 31 1 7 1 2 1 23 1 10 2 11 1 54 1 28 1 9 1
96 3 15 12 1 30 2 13 1 14 1 29 1 18 1 31 1 7 1 2 1 23 1 10 2 11 1 54 1 28 1 9 1
170 3 15 12 1 30 2 13 1 14 1 29 1 18 1 31 1 7 1 2 1 23 1 10 2 11 1 54 1 28 1 9 1
244 3 15 12 1 30 2 13 1 14 1 29 1 18 1 31 1 7 1 2 1 23 1 10 2 11 1 54 1 28 1 9 1
318 3 15 12 1 30 2 13 1 14 1 29 1 18 1 31 1 7 1 2 1 23 1 10 2 11 1 54 1 28 1 9 1
32 4 6 12 1 13 1 6 1 57 1 3 1 56 1
//IdTournes NbColis
13 6
//IdColis IdCommandeInColis NbProducts IdProd1 QtyProd1 IdProd2 QtyProd2 ...
23 3 7 84 1 49 1 271 1 269 1 48 2 50 1 38 1
97 3 7 84 1 49 1 271 1 269 1 48 2 50 1 38 1
149 1 7 49 1 269 1 48 2 33 2 42 2 35 1 51 1
150 1 16 35 1 51 1 273 2 82 1 274 1 262 1 80 1 81 1 93 1 37 2 40 1 265 1 278 1 272 1 83 2 45 1
171 3 7 84 1 49 1 271 1 269 1 48 2 50 1 38 1
172 3 7 33 2 42 2 88 1 76 1 44 2 51 1 267 1
//IdTournes NbColis
14 6
//IdColis IdCommandeInColis NbProducts IdProd1 QtyProd1 IdProd2 QtyProd2 ...
25 3 13 39 2 273 1 270 1 82 2 274 1 32 1 37 2 40 1 41 1 272 1 92 1 296 3 275 1
99 3 13 39 2 273 1 270 1 82 2 274 1 32 1 37 2 40 1 41 1 272 1 92 1 296 3 275 1
173 3 13 39 2 273 1 270 1 82 2 274 1 32 1 37 2 40 1 41 1 272 1 92 1 296 3 275 1
224 1 16 35 1 51 1 273 2 82 1 274 1 262 1 80 1 81 1 93 1 37 2 40 1 265 1 278 1 272 1 83 2 45 1
247 3 13 39 2 273 1 270 1 82 2 274 1 32 1 37 2 40 1 41 1 272 1 92 1 296 3 275 1
298 1 16 35 1 51 1 273 2 82 1 274 1 262 1 80 1 81 1 93 1 37 2 40 1 265 1 278 1 272 1 83 2 45 1
//IdTournes NbColis
15 6
//IdColis IdCommandeInColis NbProducts IdProd1 QtyProd1 IdProd2 QtyProd2 ...
26 3 11 124 2 119 1 143 2 213 1 142 2 214 2 150 1 196 2 216 1 140 2 161 1
41 4 11 151 1 155 1 163 5 147 3 193 1 175 2 176 2 172 5 190 7 160 4 117 2
52 5 10 128 1 154 1 177 4 213 2 214 3 150 1 196 1 188 2 126 1 168 2
53 5 6 168 5 164 1 167 7 148 2 106 2 161 4
55 5 5 152 1 134 1 158 7 219 9 194 7
56 5 12 217 7 165 2 166 1 159 1 197 3 108 1 170 1 198 4 182 1 192 1 107 2 114 2
//IdTournes NbColis
16 6
//IdColis IdCommandeInColis NbProducts IdProd1 QtyProd1 IdProd2 QtyProd2 ...
42 4 2 127 1 137 2
57 5 14 195 1 135 3 113 1 155 2 129 1 185 1 157 1 163 4 147 3 132 1 193 1 172 6 136 1 190 4
58 5 5 190 3 160 5 117 1 162 3 201 1
67 6 6 128 1 124 2 177 4 133 1 150 5 196 4
68 6 10 168 9 118 1 125 1 138 1 180 1 139 1 148 2 130 2 106 2 151 1
69 6 12 106 1 161 3 156 4 144 2 112 1 152 1 134 1 158 3 219 2 217 4 165 1 159 1
//IdTournes NbColis
17 6
//IdColis IdCommandeInColis NbProducts IdProd1 QtyProd1 IdProd2 QtyProd2 ...
43 4 9 306 1 227 1 209 1 244 2 208 2 226 7 305 1 207 3 299 1
72 6 8 208 1 290 1 226 7 207 2 229 4 230 1 222 5 238 1
94 2 12 253 1 234 2 292 1 260 1 228 3 227 3 209 1 236 1 208 2 304 1 226 1 301 1
95 2 24 226 1 223 1 205 1 207 2 229 3 245 1 307 2 225 1 287 2 247 1 256 3 235 1 259 2 240 1 254 1 206 1 242 3 301 1 255 1 289 4 249 1 299 2 243 1 204 2
117 4 9 306 1 227 1 209 1 244 2 208 2 226 7 305 1 207 3 299 1
118 4 22 229 7 221 1 245 1 222 2 225 3 300 1 288 2 248 1 250 1 312 1 259 2 284 1 313 1 309 1 301 1 237 1 310 1 289 6 308 1 299 1 252 1 311 1
//IdTournes NbColis
18 6
//IdColis IdCommandeInColis NbProducts IdProd1 QtyProd1 IdProd2 QtyProd2 ...
45 5 8 5 1 12 1 6 3 57 1 58 1 52 1 3 2 19 1
62 6 9 5 1 12 1 4 1 6 2 53 1 16 1 20 1 11 1 54 2
106 4 6 12 1 13 1 6 1 57 1 3 1 56 1
119 5 8 5 1 12 1 6 3 57 1 58 1 52 1 3 2 19 1
136 6 9 5 1 12 1 4 1 6 2 53 1 16 1 20 1 11 1 54 2
180 4 6 12 1 13 1 6 1 57 1 3 1 56 1
//IdTournes NbColis
19 6
//IdColis IdCommandeInColis NbProducts IdProd1 QtyProd1 IdProd2 QtyProd2 ...
46 5 5 26 1 77 1 67 2 29 1 45 1
48 5 2 30 4 44 2
49 5 11 44 2 35 1 39 1 82 1 32 1 21 2 80 1 81 2 37 1 40 2 28 1
63 6 4 293 1 67 3 48 1 24 1
65 6 14 30 1 51 1 50 1 23 1 25 1 78 1 85 1 40 1 27 1 263 1 47 1 83 2 28 3 45 2
107 4 11 49 1 71 1 48 2 33 2 42 2 75 1 87 1 61 1 46 1 47 1 65 1
//IdTournes NbColis
20 6
//IdColis IdCommandeInColis NbProducts IdProd1 QtyProd1 IdProd2 QtyProd2 ...
51 5 1 102 1
124 5 13 271 1 269 1 76 1 273 3 98 1 105 1 91 1 89 1 93 4 295 2 272 1 90 4 296 2
125 5 1 102 1
140 6 8 279 1 271 1 269 1 273 1 276 1 97 1 92 1 277 1
153 1 5 94 1 282 1 136 1 137 1 115 1
162 2 16 269 1 76 1 273 4 270 1 104 1 95 1 96 1 94 1 105 1 268 1 101 1 89 2 278 1 92 1 296 3 294 1
//IdTournes NbColis
21 6
//IdColis IdCommandeInColis NbProducts IdProd1 QtyProd1 IdProd2 QtyProd2 ...
54 5 7 156 2 184 1 144 3 174 5 169 9 121 1 152 2
70 6 14 165 2 192 1 151 3 163 4 141 1 172 3 136 1 190 7 145 1 220 1 160 2 162 1 201 1 146 1
89 2 8 177 1 213 2 199 3 150 3 196 1 188 2 140 1 168 6
90 2 10 168 1 164 3 167 4 148 3 130 1 106 1 111 1 161 2 156 4 215 1
91 2 15 184 1 144 3 174 1 121 1 134 1 158 2 219 2 217 3 165 1 197 1 108 1 186 1 170 3 198 3 193 1
92 2 15 110 1 182 3 120 1 107 2 114 2 183 3 173 1 109 1 135 3 151 2 155 2 129 1 185 1 157 1 147 3
//IdTournes NbColis
22 6
//IdColis IdCommandeInColis NbProducts IdProd1 QtyProd1 IdProd2 QtyProd2 ...
60 5 13 229 1 221 2 203 1 222 3 225 7 287 2 300 1 248 1 298 1 250 7 256 1 259 2 240 2
133 5 13 292 1 260 1 227 1 209 1 236 1 208 2 290 1 226 3 223 2 205 1 207 3 229 2 287 1
134 5 13 229 1 221 2 203 1 222 3 225 7 287 2 300 1 248 1 298 1 250 7 256 1 259 2 240 2
135 5 8 240 1 202 1 206 1 258 1 301 1 289 2 239 1 204 1
145 6 10 291 1 234 1 231 1 227 1 232 1 209 1 236 1 244 9 208 1 237 1
147 6 11 233 1 225 5 241 2 248 2 235 1 259 1 240 1 224 1 289 1 239 1 204 2
//IdTournes NbColis
23 6
//IdColis IdCommandeInColis NbProducts IdProd1 QtyProd1 IdProd2 QtyProd2 ...
77 1 10 154 1 177 4 143 1 142 2 133 1 150 4 140 1 164 2 138 1 139 1
78 1 14 156 2 153 1 121 1 134 1 158 1 165 4 116 1 108 1 120 1 107 2 135 2 151 2 155 4 163 2
93 2 11 175 2 176 1 172 2 136 1 190 6 179 1 160 1 162 1 181 1 131 1 115 1
100 3 11 124 2 119 1 143 2 213 1 142 2 214 2 150 1 196 2 216 1 140 2 161 1
111 4 13 196 1 140 2 187 1 168 6 189 1 178 1 138 1 139 1 130 2 106 2 111 1 161 1 144 1
112 4 8 161 3 156 3 184 1 144 2 174 6 169 4 200 3 163 1
//IdTournes NbColis
24 6
//IdColis IdCommandeInColis NbProducts IdProd1 QtyProd1 IdProd2 QtyProd2 ...
83 2 7 12 1 15 1 6 3 55 1 58 1 1 1 17 1
157 2 7 12 1 15 1 6 3 55 1 58 1 1 1 17 1
231 2 7 12 1 15 1 6 3 55 1 58 1 1 1 17 1
305 2 7 12 1 15 1 6 3 55 1 58 1 1 1 17 1
193 5 8 5 1 12 1 6 3 57 1 58 1 52 1 3 2 19 1
210 6 9 5 1 12 1 4 1 6 2 53 1 16 1 20 1 11 1 54 2
//IdTournes NbColis
25 6
//IdColis IdCommandeInColis NbProducts IdProd1 QtyProd1 IdProd2 QtyProd2 ...
108 4 13 30 1 44 1 39 1 68 1 72 1 73 1 29 1 43 1 264 1 64 1 37 1 40 2 45 2
121 5 8 22 1 48 2 33 2 42 2 70 1 30 1 36 1 86 1
138 6 8 67 1 48 1 33 2 42 2 70 1 30 1 34 1 47 1
158 2 6 67 2 62 1 22 1 48 2 87 1 266 1
159 2 6 33 2 42 2 70 1 30 2 44 1 63 1
161 2 15 35 1 39 1 63 1 87 1 21 1 79 2 60 1 25 1 66 1 24 1 37 3 86 2 40 1 59 1 47 2
//IdTournes NbColis
26 6
//IdColis IdCommandeInColis NbProducts IdProd1 QtyProd1 IdProd2 QtyProd2 ...
110 4 8 177 2 143 3 213 1 210 1 218 2 150 6 196 2 148 1
113 4 11 200 2 121 2 152 3 134 1 158 1 219 5 194 1 211 1 212 4 217 3 165 2
114 4 15 165 1 166 3 159 1 197 2 108 1 170 2 198 3 110 1 182 1 123 1 107 2 109 2 135 3 151 2 129 1
115 4 11 151 1 155 1 163 5 147 3 193 1 175 2 176 2 172 5 190 7 160 4 117 2
126 5 10 128 1 154 1 177 4 213 2 214 3 150 1 196 1 188 2 126 1 168 2
127 5 6 168 5 164 1 167 7 148 2 106 2 161 4
//IdTournes NbColis
27 6
//IdColis IdCommandeInColis NbProducts IdProd1 QtyProd1 IdProd2 QtyProd2 ...
116 4 2 127 1 137 2
129 5 5 152 1 134 1 158 7 219 9 194 7
130 5 12 217 7 165 2 166 1 159 1 197 3 108 1 170 1 198 4 182 1 192 1 107 2 114 2
131 5 14 195 1 135 3 113 1 155 2 129 1 185 1 157 1 163 4 147 3 132 1 193 1 172 6 136 1 190 4
132 5 5 190 3 160 5 117 1 162 3 201 1
141 6 6 128 1 124 2 177 4 133 1 150 5 196 4
//IdTournes NbColis
28 6
//IdColis IdCommandeInColis NbProducts IdProd1 QtyProd1 IdProd2 QtyProd2 ...
120 5 5 26 1 77 1 67 2 29 1 45 1
122 5 2 30 4 44 2
123 5 11 44 2 35 1 39 1 82 1 32 1 21 2 80 1 81 2 37 1 40 2 28 1
137 6 4 293 1 67 3 48 1 24 1
139 6 14 30 1 51 1 50 1 23 1 25 1 78 1 85 1 40 1 27 1 263 1 47 1 83 2 28 3 45 2
181 4 11 49 1 71 1 48 2 33 2 42 2 75 1 87 1 61 1 46 1 47 1 65 1
//IdTournes NbColis
29 6
//IdColis IdCommandeInColis NbProducts IdProd1 QtyProd1 IdProd2 QtyProd2 ...
128 5 7 156 2 184 1 144 3 174 5 169 9 121 1 152 2
142 6 10 168 9 118 1 125 1 138 1 180 1 139 1 148 2 130 2 106 2 151 1
143 6 12 106 1 161 3 156 4 144 2 112 1 152 1 134 1 158 3 219 2 217 4 165 1 159 1
144 6 14 165 2 192 1 151 3 163 4 141 1 172 3 136 1 190 7 145 1 220 1 160 2 162 1 201 1 146 1
163 2 8 177 1 213 2 199 3 150 3 196 1 188 2 140 1 168 6
164 2 10 168 1 164 3 167 4 148 3 130 1 106 1 111 1 161 2 156 4 215 1
//IdTournes NbColis
30 6
//IdColis IdCommandeInColis NbProducts IdProd1 QtyProd1 IdProd2 QtyProd2 ...
146 6 8 208 1 290 1 226 7 207 2 229 4 230 1 222 5 238 1
168 2 12 253 1 234 2 292 1 260 1 228 3 227 3 209 1 236 1 208 2 304 1 226 1 301 1
169 2 24 226 1 223 1 205 1 207 2 229 3 245 1 307 2 225 1 287 2 247 1 256 3 235 1 259 2 240 1 254 1 206 1 242 3 301 1 255 1 289 4 249 1 299 2 243 1 204 2
178 3 8 167 4 226 6 286 2 223 2 207 2 144 2 174 1 308 1
191 4 9 306 1 227 1 209 1 244 2 208 2 226 7 305 1 207 3 299 1
192 4 22 229 7 221 1 245 1 222 2 225 3 300 1 288 2 248 1 250 1 312 1 259 2 284 1 313 1 309 1 301 1 237 1 310 1 289 6 308 1 299 1 252 1 311 1
//IdTournes NbColis
31 6
//IdColis IdCommandeInColis NbProducts IdProd1 QtyProd1 IdProd2 QtyProd2 ...
151 1 10 154 1 177 4 143 1 142 2 133 1 150 4 140 1 164 2 138 1 139 1
152 1 14 156 2 153 1 121 1 134 1 158 1 165 4 116 1 108 1 120 1 107 2 135 2 151 2 155 4 163 2
165 2 15 184 1 144 3 174 1 121 1 134 1 158 2 219 2 217 3 165 1 197 1 108 1 186 1 170 3 198 3 193 1
166 2 15 110 1 182 3 120 1 107 2 114 2 183 3 173 1 109 1 135 3 151 2 155 2 129 1 185 1 157 1 147 3
167 2 11 175 2 176 1 172 2 136 1 190 6 179 1 160 1 162 1 181 1 131 1 115 1
174 3 11 124 2 119 1 143 2 213 1 142 2 214 2 150 1 196 2 216 1 140 2 161 1
//IdTournes NbColis
32 6
//IdColis IdCommandeInColis NbProducts IdProd1 QtyProd1 IdProd2 QtyProd2 ...
160 2 4 44 3 35 3 74 1 69 1
182 4 13 30 1 44 1 39 1 68 1 72 1 73 1 29 1 43 1 264 1 64 1 37 1 40 2 45 2
195 5 8 22 1 48 2 33 2 42 2 70 1 30 1 36 1 86 1
212 6 8 67 1 48 1 33 2 42 2 70 1 30 1 34 1 47 1
223 1 7 49 1 269 1 48 2 33 2 42 2 35 1 51 1
232 2 6 67 2 62 1 22 1 48 2 87 1 266 1
//IdTournes NbColis
33 6
//IdColis IdCommandeInColis NbProducts IdProd1 QtyProd1 IdProd2 QtyProd2 ...
175 3 20 164 1 138 1 180 1 130 1 106 1 161 1 153 1 121 1 134 1 165 2 108 1 182 1 107 2 109 1 281 1 135 2 99 1 163 2 104 1 141 1
176 3 8 104 1 100 1 175 2 136 1 160 1 122 1 131 1 280 1
249 3 20 164 1 138 1 180 1 130 1 106 1 161 1 153 1 121 1 134 1 165 2 108 1 182 1 107 2 109 1 281 1 135 2 99 1 163 2 104 1 141 1
250 3 8 104 1 100 1 175 2 136 1 160 1 122 1 131 1 280 1
323 3 20 164 1 138 1 180 1 130 1 106 1 161 1 153 1 121 1 134 1 165 2 108 1 182 1 107 2 109 1 281 1 135 2 99 1 163 2 104 1 141 1
324 3 8 104 1 100 1 175 2 136 1 160 1 122 1 131 1 280 1
//IdTournes NbColis
34 6
//IdColis IdCommandeInColis NbProducts IdProd1 QtyProd1 IdProd2 QtyProd2 ...
177 3 12 171 1 260 2 228 1 227 1 209 1 188 1 244 4 208 2 246 1 168 2 189 1 148 1
179 3 19 297 1 169 1 221 1 219 1 166 2 197 1 191 1 285 1 192 1 183 1 303 1 185 1 302 2 147 2 193 1 241 1 172 1 239 2 311 1
228 1 10 260 1 199 1 228 1 227 4 209 1 208 2 246 1 168 6 167 1 172 1
251 3 12 171 1 260 2 228 1 227 1 209 1 188 1 244 4 208 2 246 1 168 2 189 1 148 1
253 3 19 297 1 169 1 221 1 219 1 166 2 197 1 191 1 285 1 192 1 183 1 303 1 185 1 302 2 147 2 193 1 241 1 172 1 239 2 311 1
302 1 10 260 1 199 1 228 1 227 4 209 1 208 2 246 1 168 6 167 1 172 1
//IdTournes NbColis
35 6
//IdColis IdCommandeInColis NbProducts IdProd1 QtyProd1 IdProd2 QtyProd2 ...
183 4 5 271 1 269 1 283 1 103 1 90 2
214 6 8 279 1 271 1 269 1 273 1 276 1 97 1 92 1 277 1
257 4 5 271 1 269 1 283 1 103 1 90 2
288 6 8 279 1 271 1 269 1 273 1 276 1 97 1 92 1 277 1
331 4 5 271 1 269 1 283 1 103 1 90 2
362 6 8 279 1 271 1 269 1 273 1 276 1 97 1 92 1 277 1
//IdTournes NbColis
36 6
//IdColis IdCommandeInColis NbProducts IdProd1 QtyProd1 IdProd2 QtyProd2 ...
184 4 8 177 2 143 3 213 1 210 1 218 2 150 6 196 2 148 1
185 4 13 196 1 140 2 187 1 168 6 189 1 178 1 138 1 139 1 130 2 106 2 111 1 161 1 144 1
186 4 8 161 3 156 3 184 1 144 2 174 6 169 4 200 3 163 1
187 4 11 200 2 121 2 152 3 134 1 158 1 219 5 194 1 211 1 212 4 217 3 165 2
188 4 15 165 1 166 3 159 1 197 2 108 1 170 2 198 3 110 1 182 1 123 1 107 2 109 2 135 3 151 2 129 1
189 4 11 151 1 155 1 163 5 147 3 193 1 175 2 176 2 172 5 190 7 160 4 117 2
//IdTournes NbColis
37 6
//IdColis IdCommandeInColis NbProducts IdProd1 QtyProd1 IdProd2 QtyProd2 ...
190 4 2 127 1 137 2
200 5 10 128 1 154 1 177 4 213 2 214 3 150 1 196 1 188 2 126 1 168 2
201 5 6 168 5 164 1 167 7 148 2 106 2 161 4
203 5 5 152 1 134 1 158 7 219 9 194 7
204 5 12 217 7 165 2 166 1 159 1 197 3 108 1 170 1 198 4 182 1 192 1 107 2 114 2
205 5 14 195 1 135 3 113 1 155 2 129 1 185 1 157 1 163 4 147 3 132 1 193 1 172 6 136 1 190 4
//IdTournes NbColis
38 6
//IdColis IdCommandeInColis NbProducts IdProd1 QtyProd1 IdProd2 QtyProd2 ...
194 5 5 26 1 77 1 67 2 29 1 45 1
196 5 2 30 4 44 2
197 5 11 44 2 35 1 39 1 82 1 32 1 21 2 80 1 81 2 37 1 40 2 28 1
211 6 4 293 1 67 3 48 1 24 1
213 6 14 30 1 51 1 50 1 23 1 25 1 78 1 85 1 40 1 27 1 263 1 47 1 83 2 28 3 45 2
233 2 6 33 2 42 2 70 1 30 2 44 1 63 1
//IdTournes NbColis
39 6
//IdColis IdCommandeInColis NbProducts IdProd1 QtyProd1 IdProd2 QtyProd2 ...
198 5 13 271 1 269 1 76 1 273 3 98 1 105 1 91 1 89 1 93 4 295 2 272 1 90 4 296 2
236 2 16 269 1 76 1 273 4 270 1 104 1 95 1 96 1 94 1 105 1 268 1 101 1 89 2 278 1 92 1 296 3 294 1
272 5 13 271 1 269 1 76 1 273 3 98 1 105 1 91 1 89 1 93 4 295 2 272 1 90 4 296 2
310 2 16 269 1 76 1 273 4 270 1 104 1 95 1 96 1 94 1 105 1 268 1 101 1 89 2 278 1 92 1 296 3 294 1
346 5 13 271 1 269 1 76 1 273 3 98 1 105 1 91 1 89 1 93 4 295 2 272 1 90 4 296 2
321 3 13 39 2 273 1 270 1 82 2 274 1 32 1 37 2 40 1 41 1 272 1 92 1 296 3 275 1
//IdTournes NbColis
40 6
//IdColis IdCommandeInColis NbProducts IdProd1 QtyProd1 IdProd2 QtyProd2 ...
199 5 1 102 1
227 1 5 94 1 282 1 136 1 137 1 115 1
273 5 1 102 1
301 1 5 94 1 282 1 136 1 137 1 115 1
347 5 1 102 1
202 5 7 156 2 184 1 144 3 174 5 169 9 121 1 152 2
//IdTournes NbColis
41 6
//IdColis IdCommandeInColis NbProducts IdProd1 QtyProd1 IdProd2 QtyProd2 ...
206 5 5 190 3 160 5 117 1 162 3 201 1
216 6 10 168 9 118 1 125 1 138 1 180 1 139 1 148 2 130 2 106 2 151 1
217 6 12 106 1 161 3 156 4 144 2 112 1 152 1 134 1 158 3 219 2 217 4 165 1 159 1
218 6 14 165 2 192 1 151 3 163 4 141 1 172 3 136 1 190 7 145 1 220 1 160 2 162 1 201 1 146 1
238 2 10 168 1 164 3 167 4 148 3 130 1 106 1 111 1 161 2 156 4 215 1
239 2 15 184 1 144 3 174 1 121 1 134 1 158 2 219 2 217 3 165 1 197 1 108 1 186 1 170 3 198 3 193 1
//IdTournes NbColis
42 6
//IdColis IdCommandeInColis NbProducts IdProd1 QtyProd1 IdProd2 QtyProd2 ...
207 5 13 292 1 260 1 227 1 209 1 236 1 208 2 290 1 226 3 223 2 205 1 207 3 229 2 287 1
209 5 8 240 1 202 1 206 1 258 1 301 1 289 2 239 1 204 1
219 6 10 291 1 234 1 231 1 227 1 232 1 209 1 236 1 244 9 208 1 237 1
221 6 11 233 1 225 5 241 2 248 2 235 1 259 1 240 1 224 1 289 1 239 1 204 2
242 2 12 253 1 234 2 292 1 260 1 228 3 227 3 209 1 236 1 208 2 304 1 226 1 301 1
243 2 24 226 1 223 1 205 1 207 2 229 3 245 1 307 2 225 1 287 2 247 1 256 3 235 1 259 2 240 1 254 1 206 1 242 3 301 1 255 1 289 4 249 1 299 2 243 1 204 2
//IdTournes NbColis
43 6
//IdColis IdCommandeInColis NbProducts IdProd1 QtyProd1 IdProd2 QtyProd2 ...
208 5 13 229 1 221 2 203 1 222 3 225 7 287 2 300 1 248 1 298 1 250 7 256 1 259 2 240 2
266 4 22 229 7 221 1 245 1 222 2 225 3 300 1 288 2 248 1 250 1 312 1 259 2 284 1 313 1 309 1 301 1 237 1 310 1 289 6 308 1 299 1 252 1 311 1
281 5 13 292 1 260 1 227 1 209 1 236 1 208 2 290 1 226 3 223 2 205 1 207 3 229 2 287 1
282 5 13 229 1 221 2 203 1 222 3 225 7 287 2 300 1 248 1 298 1 250 7 256 1 259 2 240 2
283 5 8 240 1 202 1 206 1 258 1 301 1 289 2 239 1 204 1
293 6 10 291 1 234 1 231 1 227 1 232 1 209 1 236 1 244 9 208 1 237 1
//IdTournes NbColis
44 6
//IdColis IdCommandeInColis NbProducts IdProd1 QtyProd1 IdProd2 QtyProd2 ...
215 6 6 128 1 124 2 177 4 133 1 150 5 196 4
225 1 10 154 1 177 4 143 1 142 2 133 1 150 4 140 1 164 2 138 1 139 1
226 1 14 156 2 153 1 121 1 134 1 158 1 165 4 116 1 108 1 120 1 107 2 135 2 151 2 155 4 163 2
240 2 15 110 1 182 3 120 1 107 2 114 2 183 3 173 1 109 1 135 3 151 2 155 2 129 1 185 1 157 1 147 3
241 2 11 175 2 176 1 172 2 136 1 190 6 179 1 160 1 162 1 181 1 131 1 115 1
248 3 11 124 2 119 1 143 2 213 1 142 2 214 2 150 1 196 2 216 1 140 2 161 1
//IdTournes NbColis
45 6
//IdColis IdCommandeInColis NbProducts IdProd1 QtyProd1 IdProd2 QtyProd2 ...
220 6 8 208 1 290 1 226 7 207 2 229 4 230 1 222 5 238 1
252 3 8 167 4 226 6 286 2 223 2 207 2 144 2 174 1 308 1
265 4 9 306 1 227 1 209 1 244 2 208 2 226 7 305 1 207 3 299 1
294 6 8 208 1 290 1 226 7 207 2 229 4 230 1 222 5 238 1
295 6 11 233 1 225 5 241 2 248 2 235 1 259 1 240 1 224 1 289 1 239 1 204 2
316 2 12 253 1 234 2 292 1 260 1 228 3 227 3 209 1 236 1 208 2 304 1 226 1 301 1
//IdTournes NbColis
46 6
//IdColis IdCommandeInColis NbProducts IdProd1 QtyProd1 IdProd2 QtyProd2 ...
229 1 10 167 2 207 2 144 2 174 2 229 4 221 1 219 4 217 5 149 1 222 1
303 1 10 167 2 207 2 144 2 174 2 229 4 221 1 219 4 217 5 149 1 222 1
325 3 12 171 1 260 2 228 1 227 1 209 1 188 1 244 4 208 2 246 1 168 2 189 1 148 1
326 3 8 167 4 226 6 286 2 223 2 207 2 144 2 174 1 308 1
327 3 19 297 1 169 1 221 1 219 1 166 2 197 1 191 1 285 1 192 1 183 1 303 1 185 1 302 2 147 2 193 1 241 1 172 1 239 2 311 1
317 2 24 226 1 223 1 205 1 207 2 229 3 245 1 307 2 225 1 287 2 247 1 256 3 235 1 259 2 240 1 254 1 206 1 242 3 301 1 255 1 289 4 249 1 299 2 243 1 204 2
//IdTournes NbColis
47 6
//IdColis IdCommandeInColis NbProducts IdProd1 QtyProd1 IdProd2 QtyProd2 ...
234 2 4 44 3 35 3 74 1 69 1
235 2 15 35 1 39 1 63 1 87 1 21 1 79 2 60 1 25 1 66 1 24 1 37 3 86 2 40 1 59 1 47 2
246 3 7 33 2 42 2 88 1 76 1 44 2 51 1 267 1
255 4 11 49 1 71 1 48 2 33 2 42 2 75 1 87 1 61 1 46 1 47 1 65 1
256 4 13 30 1 44 1 39 1 68 1 72 1 73 1 29 1 43 1 264 1 64 1 37 1 40 2 45 2
269 5 8 22 1 48 2 33 2 42 2 70 1 30 1 36 1 86 1
//IdTournes NbColis
48 6
//IdColis IdCommandeInColis NbProducts IdProd1 QtyProd1 IdProd2 QtyProd2 ...
237 2 8 177 1 213 2 199 3 150 3 196 1 188 2 140 1 168 6
258 4 8 177 2 143 3 213 1 210 1 218 2 150 6 196 2 148 1
259 4 13 196 1 140 2 187 1 168 6 189 1 178 1 138 1 139 1 130 2 106 2 111 1 161 1 144 1
260 4 8 161 3 156 3 184 1 144 2 174 6 169 4 200 3 163 1
261 4 11 200 2 121 2 152 3 134 1 158 1 219 5 194 1 211 1 212 4 217 3 165 2
262 4 15 165 1 166 3 159 1 197 2 108 1 170 2 198 3 110 1 182 1 123 1 107 2 109 2 135 3 151 2 129 1
//IdTournes NbColis
49 6
//IdColis IdCommandeInColis NbProducts IdProd1 QtyProd1 IdProd2 QtyProd2 ...
245 3 7 84 1 49 1 271 1 269 1 48 2 50 1 38 1
297 1 7 49 1 269 1 48 2 33 2 42 2 35 1 51 1
319 3 7 84 1 49 1 271 1 269 1 48 2 50 1 38 1
320 3 7 33 2 42 2 88 1 76 1 44 2 51 1 267 1
286 6 8 67 1 48 1 33 2 42 2 70 1 30 1 34 1 47 1
306 2 6 67 2 62 1 22 1 48 2 87 1 266 1
//IdTournes NbColis
50 6
//IdColis IdCommandeInColis NbProducts IdProd1 QtyProd1 IdProd2 QtyProd2 ...
254 4 6 12 1 13 1 6 1 57 1 3 1 56 1
267 5 8 5 1 12 1 6 3 57 1 58 1 52 1 3 2 19 1
284 6 9 5 1 12 1 4 1 6 2 53 1 16 1 20 1 11 1 54 2
328 4 6 12 1 13 1 6 1 57 1 3 1 56 1
341 5 8 5 1 12 1 6 3 57 1 58 1 52 1 3 2 19 1
358 6 9 5 1 12 1 4 1 6 2 53 1 16 1 20 1 11 1 54 2
//IdTournes NbColis
51 6
//IdColis IdCommandeInColis NbProducts IdProd1 QtyProd1 IdProd2 QtyProd2 ...
263 4 11 151 1 155 1 163 5 147 3 193 1 175 2 176 2 172 5 190 7 160 4 117 2
274 5 10 128 1 154 1 177 4 213 2 214 3 150 1 196 1 188 2 126 1 168 2
275 5 6 168 5 164 1 167 7 148 2 106 2 161 4
277 5 5 152 1 134 1 158 7 219 9 194 7
278 5 12 217 7 165 2 166 1 159 1 197 3 108 1 170 1 198 4 182 1 192 1 107 2 114 2
279 5 14 195 1 135 3 113 1 155 2 129 1 185 1 157 1 163 4 147 3 132 1 193 1 172 6 136 1 190 4
//IdTournes NbColis
52 6
//IdColis IdCommandeInColis NbProducts IdProd1 QtyProd1 IdProd2 QtyProd2 ...
264 4 2 127 1 137 2
280 5 5 190 3 160 5 117 1 162 3 201 1
289 6 6 128 1 124 2 177 4 133 1 150 5 196 4
290 6 10 168 9 118 1 125 1 138 1 180 1 139 1 148 2 130 2 106 2 151 1
291 6 12 106 1 161 3 156 4 144 2 112 1 152 1 134 1 158 3 219 2 217 4 165 1 159 1
292 6 14 165 2 192 1 151 3 163 4 141 1 172 3 136 1 190 7 145 1 220 1 160 2 162 1 201 1 146 1
//IdTournes NbColis
53 6
//IdColis IdCommandeInColis NbProducts IdProd1 QtyProd1 IdProd2 QtyProd2 ...
268 5 5 26 1 77 1 67 2 29 1 45 1
270 5 2 30 4 44 2
271 5 11 44 2 35 1 39 1 82 1 32 1 21 2 80 1 81 2 37 1 40 2 28 1
285 6 4 293 1 67 3 48 1 24 1
287 6 14 30 1 51 1 50 1 23 1 25 1 78 1 85 1 40 1 27 1 263 1 47 1 83 2 28 3 45 2
307 2 6 33 2 42 2 70 1 30 2 44 1 63 1
//IdTournes NbColis
54 6
//IdColis IdCommandeInColis NbProducts IdProd1 QtyProd1 IdProd2 QtyProd2 ...
276 5 7 156 2 184 1 144 3 174 5 169 9 121 1 152 2
311 2 8 177 1 213 2 199 3 150 3 196 1 188 2 140 1 168 6
312 2 10 168 1 164 3 167 4 148 3 130 1 106 1 111 1 161 2 156 4 215 1
313 2 15 184 1 144 3 174 1 121 1 134 1 158 2 219 2 217 3 165 1 197 1 108 1 186 1 170 3 198 3 193 1
314 2 15 110 1 182 3 120 1 107 2 114 2 183 3 173 1 109 1 135 3 151 2 155 2 129 1 185 1 157 1 147 3
315 2 11 175 2 176 1 172 2 136 1 190 6 179 1 160 1 162 1 181 1 131 1 115 1
//IdTournes NbColis
55 6
//IdColis IdCommandeInColis NbProducts IdProd1 QtyProd1 IdProd2 QtyProd2 ...
299 1 10 154 1 177 4 143 1 142 2 133 1 150 4 140 1 164 2 138 1 139 1
300 1 14 156 2 153 1 121 1 134 1 158 1 165 4 116 1 108 1 120 1 107 2 135 2 151 2 155 4 163 2
322 3 11 124 2 119 1 143 2 213 1 142 2 214 2 150 1 196 2 216 1 140 2 161 1
333 4 13 196 1 140 2 187 1 168 6 189 1 178 1 138 1 139 1 130 2 106 2 111 1 161 1 144 1
334 4 8 161 3 156 3 184 1 144 2 174 6 169 4 200 3 163 1
335 4 11 200 2 121 2 152 3 134 1 158 1 219 5 194 1 211 1 212 4 217 3 165 2
//IdTournes NbColis
56 6
//IdColis IdCommandeInColis NbProducts IdProd1 QtyProd1 IdProd2 QtyProd2 ...
308 2 4 44 3 35 3 74 1 69 1
309 2 15 35 1 39 1 63 1 87 1 21 1 79 2 60 1 25 1 66 1 24 1 37 3 86 2 40 1 59 1 47 2
329 4 11 49 1 71 1 48 2 33 2 42 2 75 1 87 1 61 1 46 1 47 1 65 1
330 4 13 30 1 44 1 39 1 68 1 72 1 73 1 29 1 43 1 264 1 64 1 37 1 40 2 45 2
343 5 8 22 1 48 2 33 2 42 2 70 1 30 1 36 1 86 1
360 6 8 67 1 48 1 33 2 42 2 70 1 30 1 34 1 47 1
//IdTournes NbColis
57 6
//IdColis IdCommandeInColis NbProducts IdProd1 QtyProd1 IdProd2 QtyProd2 ...
332 4 8 177 2 143 3 213 1 210 1 218 2 150 6 196 2 148 1
336 4 15 165 1 166 3 159 1 197 2 108 1 170 2 198 3 110 1 182 1 123 1 107 2 109 2 135 3 151 2 129 1
337 4 11 151 1 155 1 163 5 147 3 193 1 175 2 176 2 172 5 190 7 160 4 117 2
348 5 10 128 1 154 1 177 4 213 2 214 3 150 1 196 1 188 2 126 1 168 2
349 5 6 168 5 164 1 167 7 148 2 106 2 161 4
351 5 5 152 1 134 1 158 7 219 9 194 7
//IdTournes NbColis
58 6
//IdColis IdCommandeInColis NbProducts IdProd1 QtyProd1 IdProd2 QtyProd2 ...
338 4 2 127 1 137 2
352 5 12 217 7 165 2 166 1 159 1 197 3 108 1 170 1 198 4 182 1 192 1 107 2 114 2
353 5 14 195 1 135 3 113 1 155 2 129 1 185 1 157 1 163 4 147 3 132 1 193 1 172 6 136 1 190 4
354 5 5 190 3 160 5 117 1 162 3 201 1
363 6 6 128 1 124 2 177 4 133 1 150 5 196 4
364 6 10 168 9 118 1 125 1 138 1 180 1 139 1 148 2 130 2 106 2 151 1
//IdTournes NbColis
59 6
//IdColis IdCommandeInColis NbProducts IdProd1 QtyProd1 IdProd2 QtyProd2 ...
339 4 9 306 1 227 1 209 1 244 2 208 2 226 7 305 1 207 3 299 1
340 4 22 229 7 221 1 245 1 222 2 225 3 300 1 288 2 248 1 250 1 312 1 259 2 284 1 313 1 309 1 301 1 237 1 310 1 289 6 308 1 299 1 252 1 311 1
355 5 13 292 1 260 1 227 1 209 1 236 1 208 2 290 1 226 3 223 2 205 1 207 3 229 2 287 1
357 5 8 240 1 202 1 206 1 258 1 301 1 289 2 239 1 204 1
367 6 10 291 1 234 1 231 1 227 1 232 1 209 1 236 1 244 9 208 1 237 1
368 6 8 208 1 290 1 226 7 207 2 229 4 230 1 222 5 238 1
//IdTournes NbColis
60 6
//IdColis IdCommandeInColis NbProducts IdProd1 QtyProd1 IdProd2 QtyProd2 ...
342 5 5 26 1 77 1 67 2 29 1 45 1
344 5 2 30 4 44 2
345 5 11 44 2 35 1 39 1 82 1 32 1 21 2 80 1 81 2 37 1 40 2 28 1
359 6 4 293 1 67 3 48 1 24 1
361 6 14 30 1 51 1 50 1 23 1 25 1 78 1 85 1 40 1 27 1 263 1 47 1 83 2 28 3 45 2
350 5 7 156 2 184 1 144 3 174 5 169 9 121 1 152 2
//IdTournes NbColis
61 4
//IdColis IdCommandeInColis NbProducts IdProd1 QtyProd1 IdProd2 QtyProd2 ...
356 5 13 229 1 221 2 203 1 222 3 225 7 287 2 300 1 248 1 298 1 250 7 256 1 259 2 240 2
369 6 11 233 1 225 5 241 2 248 2 235 1 259 1 240 1 224 1 289 1 239 1 204 2
365 6 12 106 1 161 3 156 4 144 2 112 1 152 1 134 1 158 3 219 2 217 4 165 1 159 1
366 6 14 165 2 192 1 151 3 163 4 141 1 172 3 136 1 190 7 145 1 220 1 160 2 162 1 201 1 146 1
