//NbTournees
1
//IdTournes NbColiss
0 17
//IdColis IdCommandeInColis NbProducts IdProd1 QtyProd1 IdProd2 QtyProd2 ...
0 1 5 271 1 78 2 123 1 23 1 24 1
1 1 10 41 2 22 1 24 1 239 1 174 1 321 1 440 1 354 1 513 1 445 1
2 1 12 229 1 511 1 372 1 188 1 288 1 341 1 314 1 379 1 562 1 373 1 620 1 308 1
3 1 11 174 1 372 1 188 1 98 1 341 1 510 1 382 1 562 1 228 1 620 1 391 1
4 1 10 478 1 618 1 323 1 341 1 366 1 382 1 377 1 43 1 329 1 134 1
5 1 9 317 1 441 1 364 1 366 1 303 1 401 1 417 1 198 1 227 1
6 1 8 375 1 552 1 350 1 567 1 401 1 417 1 198 1 125 1
7 1 7 552 1 350 1 567 1 451 1 26 1 475 1 456 1
8 1 6 445 1 567 1 471 1 171 1 286 1 506 1
9 1 5 476 1 369 1 482 1 609 1 630 1
10 1 5 562 1 44 1 650 1 381 1 453 1
11 1 4 439 1 650 1 1 1 453 1
12 1 4 439 1 279 1 45 1 508 1
13 1 2 430 1 216 1
14 1 2 620 1 216 1
15 1 1 145 1
16 1 1 218 1
