//NbTournees
4
//IdTournes NbColis
0 6
//IdColis IdCommandeInColis NbProducts IdProd1 QtyProd1 IdProd2 QtyProd2 ...
0 1 16 31 1 5 1 24 1 10 1 4 1 34 1 1 1 22 1 32 2 3 2 15 1 28 2 11 1 13 1 12 2 7 1
7 2 20 31 1 35 2 23 1 4 1 20 1 2 1 9 1 8 1 39 1 22 1 21 1 19 1 41 1 42 1 26 1 15 1 11 1 40 2 12 1 7 1
13 3 13 31 1 14 1 35 1 4 1 8 1 33 1 30 1 17 1 6 1 16 1 27 1 25 1 29 1
18 4 8 43 1 31 1 14 1 37 1 18 1 46 1 41 1 32 1
1 1 4 68 1 48 3 35 1 66 1
2 1 6 36 2 60 1 54 1 35 1 71 2 78 1
//IdTournes NbColis
1 6
//IdColis IdCommandeInColis NbProducts IdProd1 QtyProd1 IdProd2 QtyProd2 ...
3 1 16 70 1 56 1 38 2 51 2 57 1 76 1 39 1 58 2 63 1 64 1 55 1 52 1 53 1 65 1 45 1 40 1
10 2 15 104 1 71 1 80 1 44 1 105 1 103 1 57 1 67 1 58 1 102 1 114 1 55 1 109 1 53 1 77 1
14 3 5 69 2 49 2 73 1 141 1 82 1
16 3 20 74 1 71 1 128 1 136 1 80 1 144 1 143 1 133 1 110 1 142 1 51 1 57 1 76 1 58 2 132 1 139 1 59 1 47 1 113 1 124 1
20 4 17 140 1 116 1 145 1 129 2 144 2 133 1 75 1 62 1 51 1 82 1 118 1 61 1 81 1 125 1 52 1 137 1 124 1
8 2 5 68 1 69 1 49 2 54 1 66 1
//IdTournes NbColis
2 6
//IdColis IdCommandeInColis NbProducts IdProd1 QtyProd1 IdProd2 QtyProd2 ...
4 1 15 106 1 79 1 130 2 127 1 154 1 152 2 138 1 131 1 115 1 128 1 136 1 119 1 116 1 80 1 129 1
5 1 15 134 1 112 1 129 1 144 1 122 1 108 1 133 1 107 1 83 1 151 4 150 1 155 1 126 2 125 1 137 2
11 2 22 154 1 160 1 147 1 148 1 175 1 131 1 164 1 119 1 85 1 167 2 141 1 171 1 129 1 121 1 123 1 120 1 149 1 157 1 155 1 126 1 146 1 125 1
19 4 9 68 1 50 1 106 1 54 1 71 1 66 1 72 1 135 1 115 1
9 2 5 60 3 50 1 117 1 111 1 112 1
17 3 18 186 1 174 1 159 1 185 1 163 1 162 1 187 1 158 1 153 1 179 1 94 1 86 1 92 2 184 1 93 2 101 1 180 1 90 1
//IdTournes NbColis
3 4
//IdColis IdCommandeInColis NbProducts IdProd1 QtyProd1 IdProd2 QtyProd2 ...
6 1 26 97 1 175 1 161 2 164 1 85 1 173 1 167 1 166 1 165 1 172 1 176 1 84 1 88 1 170 2 99 1 87 1 91 2 169 1 177 1 100 1 168 2 94 1 86 1 92 2 93 3 90 2
21 4 20 174 1 164 2 178 1 156 1 167 1 163 1 98 1 87 1 155 1 177 1 168 1 94 1 89 1 86 1 95 1 96 1 92 2 93 2 101 1 90 1
12 2 18 186 1 191 1 185 1 189 1 88 1 187 1 99 2 190 1 188 1 94 1 183 1 182 1 86 1 96 1 92 2 93 2 181 1 90 1
15 3 4 60 3 50 1 54 1 66 1
