//NbTournees
9
//IdTournes NbColis
0 6
//IdColis IdCommandeInColis NbProducts IdProd1 QtyProd1 IdProd2 QtyProd2 ...
6 2 17 153 2 172 1 154 1 126 2 243 1 180 1 145 1 245 1 177 1 263 1 167 1 131 1 174 1 130 1 133 1 171 2 147 1
7 2 17 155 2 179 3 158 2 182 1 137 2 156 1 170 1 164 1 169 1 123 1 166 1 127 1 152 1 218 1 161 1 148 1 141 2
14 3 15 215 1 216 1 126 1 143 1 163 1 159 1 173 2 208 1 121 2 204 1 130 2 133 1 128 2 155 3 148 1
15 3 10 129 1 139 3 194 1 162 1 146 2 213 1 196 1 217 1 151 1 148 4
22 4 19 138 1 153 1 172 1 207 1 214 1 157 1 163 1 140 1 145 1 136 1 132 1 135 1 133 1 128 1 155 1 158 2 125 1 137 1 150 1
32 5 14 173 1 124 1 136 1 193 1 135 1 130 1 171 2 128 1 155 5 158 3 137 3 212 1 139 1 148 2
//IdTournes NbColis
1 6
//IdColis IdCommandeInColis NbProducts IdProd1 QtyProd1 IdProd2 QtyProd2 ...
17 3 18 304 1 221 1 269 1 272 1 364 1 252 2 220 1 363 1 233 1 276 1 328 1 277 1 283 2 227 1 297 1 302 1 225 1 312 1
18 3 15 316 1 346 1 280 2 305 1 261 3 238 1 339 1 251 1 279 3 249 1 179 1 256 2 183 1 287 2 273 1
24 4 15 231 1 285 1 178 1 320 1 289 1 293 1 189 1 258 1 228 1 338 2 303 1 246 1 266 1 344 1 254 2
26 4 14 330 1 221 1 177 3 253 1 307 1 335 1 185 1 328 2 181 2 296 1 336 1 278 1 268 1 261 3
27 4 17 238 1 309 1 175 1 251 1 327 2 250 2 179 3 256 1 244 1 259 2 286 1 300 1 317 1 184 1 260 3 341 1 318 1
35 5 9 344 1 329 5 275 1 243 4 224 1 255 1 180 2 245 2 247 1
//IdTournes NbColis
2 6
//IdColis IdCommandeInColis NbProducts IdProd1 QtyProd1 IdProd2 QtyProd2 ...
4 1 29 358 1 305 1 261 1 238 1 339 1 309 1 365 1 259 4 16 1 366 1 60 1 19 1 6 1 32 1 71 1 29 1 10 2 12 2 35 2 45 1 13 2 14 2 21 2 50 2 65 2 7 1 368 1 24 1 1 1
3 1 17 61 2 69 1 288 1 359 1 344 1 329 1 298 1 301 1 63 1 292 1 307 2 361 2 312 1 240 1 358 1 31 1 1 1
29 4 40 355 2 354 1 68 1 356 2 39 1 56 1 62 2 387 1 67 1 60 1 66 1 19 1 6 3 53 1 22 2 23 1 35 1 46 1 30 1 33 1 28 3 9 2 11 2 20 1 14 2 21 2 36 1 38 1 43 2 44 2 7 2 17 2 2 3 42 1 51 1 49 1 40 5 37 4 41 1 1 1
20 3 29 47 1 73 1 74 1 60 1 57 1 59 1 78 2 19 2 6 2 53 1 4 1 76 1 34 1 10 2 12 2 35 2 18 1 27 1 33 1 20 1 13 2 14 2 21 2 50 2 65 2 8 1 3 1 48 3 1 3
41 5 24 47 1 69 1 73 1 74 1 75 1 16 1 60 1 66 1 78 1 19 3 6 1 71 1 72 3 15 2 10 2 12 2 35 2 13 2 14 2 21 2 50 2 65 2 3 1 48 1
49 6 20 274 2 317 1 239 2 235 1 6 2 389 1 388 1 10 1 12 1 22 1 35 2 33 1 20 2 45 1 13 1 14 2 21 2 50 1 51 1 367 1
//IdTournes NbColis
3 6
//IdColis IdCommandeInColis NbProducts IdProd1 QtyProd1 IdProd2 QtyProd2 ...
37 5 14 272 1 322 1 252 5 222 1 276 1 321 1 185 2 328 1 277 1 297 1 361 1 319 1 278 1 316 2
38 5 12 316 1 312 1 346 1 324 1 280 1 305 2 261 5 325 2 309 1 175 3 279 3 218 1
10 2 17 292 1 307 1 252 2 328 1 336 1 278 1 316 1 346 1 333 1 267 1 261 3 339 1 306 1 256 2 183 3 4 1 1 1
19 3 12 273 1 244 1 236 1 385 1 237 1 176 1 360 2 340 3 349 1 260 1 264 1 291 1
25 4 14 329 2 275 1 284 1 186 1 229 1 262 1 243 2 224 1 255 1 245 2 326 2 247 2 282 1 259 1
36 5 8 247 3 323 3 330 1 301 2 177 6 337 2 272 1 218 1
//IdTournes NbColis
4 6
//IdColis IdCommandeInColis NbProducts IdProd1 QtyProd1 IdProd2 QtyProd2 ...
1 1 17 208 1 136 1 220 1 121 2 225 1 210 1 234 1 190 2 211 1 175 2 357 1 183 2 158 1 137 3 195 1 198 1 202 1
43 6 13 188 1 138 3 228 2 172 1 126 1 163 1 224 1 180 3 160 1 226 1 245 2 144 1 134 1
0 1 17 138 1 231 1 232 1 223 1 153 2 186 2 157 1 243 1 180 2 159 1 160 1 247 1 168 1 177 1 199 1 144 1 134 1
44 6 15 205 1 168 1 241 1 177 4 208 1 222 1 121 1 181 1 219 1 175 3 128 1 155 2 203 1 179 1 183 1
45 6 13 183 1 158 4 137 2 139 1 200 2 197 1 206 1 146 2 149 1 213 1 148 6 144 4 134 5
2 1 7 201 1 192 1 142 1 144 4 134 3 141 2 191 1
//IdTournes NbColis
5 6
//IdColis IdCommandeInColis NbProducts IdProd1 QtyProd1 IdProd2 QtyProd2 ...
11 2 19 236 1 259 3 340 2 294 1 274 1 331 1 260 1 341 1 342 2 351 1 332 2 343 1 295 1 6 1 5 1 4 1 10 1 12 1 13 2
46 6 11 290 1 311 1 257 4 289 1 338 1 303 3 344 2 329 2 271 1 304 1 13 1
47 6 14 301 1 310 1 299 1 307 2 252 5 233 1 297 1 302 1 312 1 305 1 261 3 325 1 309 1 237 1
48 6 12 251 1 279 5 39 2 308 1 249 2 306 1 256 2 259 5 360 2 300 1 349 2 313 1
16 3 14 188 2 290 1 232 1 288 1 289 1 338 2 303 1 315 1 248 1 344 2 230 1 314 1 224 1 247 1
28 4 9 350 1 348 1 313 2 342 2 351 1 332 2 343 2 295 1 347 2
//IdTournes NbColis
6 6
//IdColis IdCommandeInColis NbProducts IdProd1 QtyProd1 IdProd2 QtyProd2 ...
21 3 27 383 1 81 2 98 2 373 1 103 1 106 2 89 1 96 1 372 1 87 1 120 1 82 1 108 1 100 1 380 1 119 2 95 2 105 5 79 1 85 1 94 1 101 1 88 1 107 2 401 1 99 1 84 1
30 4 27 383 1 81 1 98 4 92 1 400 1 118 1 120 1 83 1 82 1 396 2 80 2 397 1 108 1 100 2 102 1 95 2 85 1 109 1 399 1 94 1 101 1 88 1 107 2 99 1 398 1 91 1 84 1
42 5 27 383 1 379 1 81 1 93 1 116 2 98 2 373 1 110 1 103 1 96 1 115 2 120 1 82 1 114 1 100 1 381 1 384 1 382 1 95 1 105 5 79 2 109 2 94 1 101 1 88 1 107 2 84 1
5 1 32 378 1 113 1 98 1 373 2 376 2 103 1 106 2 92 1 89 1 118 1 87 1 120 1 369 1 371 1 83 2 374 1 114 1 375 1 377 4 381 1 370 1 382 1 105 4 79 1 97 1 109 1 94 1 101 1 104 2 88 1 107 2 112 1
50 6 18 383 1 74 1 395 1 60 1 106 1 92 1 391 1 89 1 83 1 100 1 70 1 392 1 105 4 393 1 390 1 394 2 85 1 65 1
12 2 38 55 1 64 1 54 1 58 1 74 1 77 1 60 1 116 1 92 1 26 1 118 1 115 1 120 3 371 2 111 1 117 4 52 1 114 1 86 1 70 1 90 1 105 1 79 1 85 1 97 1 109 2 25 1 35 2 14 2 21 2 38 1 44 1 50 1 65 1 49 1 40 5 37 4 41 4
//IdTournes NbColis
7 6
//IdColis IdCommandeInColis NbProducts IdProd1 QtyProd1 IdProd2 QtyProd2 ...
34 5 8 188 2 231 1 258 3 338 1 303 2 315 2 248 3 344 2
8 2 12 188 2 386 1 257 2 353 1 334 1 293 1 352 1 345 1 228 2 338 2 303 1 248 1
40 5 7 259 2 286 1 340 1 349 3 260 1 362 2 313 1
9 2 15 303 2 315 1 266 1 248 2 344 2 281 1 275 1 187 1 298 1 224 1 247 1 269 1 265 1 270 1 277 1
39 5 10 279 2 249 3 179 3 256 3 183 5 287 1 273 1 244 2 236 1 259 3
13 2 1 383 2
//IdTournes NbColis
8 3
//IdColis IdCommandeInColis NbProducts IdProd1 QtyProd1 IdProd2 QtyProd2 ...
23 4 8 169 1 166 1 162 1 165 1 152 1 146 1 149 1 161 1
31 5 12 153 3 216 1 207 3 126 1 157 1 209 1 159 2 242 1 122 1 168 2 173 2 158 1
33 5 6 139 1 200 1 197 1 217 1 151 1 148 2
