//NbTournees
3
//IdTournes NbColis
0 6
//IdColis IdCommandeInColis NbProducts IdProd1 QtyProd1 IdProd2 QtyProd2 ...
0 1 6 25 1 24 4 9 4 27 1 8 2 22 3
1 1 10 26 3 23 4 15 3 16 1 19 3 13 1 18 1 1 1 12 1 71 1
9 2 14 25 2 24 2 9 1 56 1 22 1 52 1 50 1 53 1 15 1 2 1 43 1 30 1 13 1 58 1
2 1 12 12 1 6 1 7 2 68 1 73 1 69 1 72 1 4 1 11 3 3 1 67 1 70 1
10 2 19 47 1 64 1 20 1 21 1 17 1 57 1 45 1 32 1 54 1 63 1 59 1 62 1 55 1 14 2 44 1 51 1 42 1 10 1 5 1
3 1 14 39 2 80 1 31 1 34 1 96 1 84 2 41 1 87 1 83 1 77 1 46 2 36 1 90 1 78 1
//IdTournes NbColis
1 6
//IdColis IdCommandeInColis NbProducts IdProd1 QtyProd1 IdProd2 QtyProd2 ...
4 1 11 38 2 58 3 47 1 66 1 33 2 74 1 82 1 75 1 49 4 79 1 100 2
5 1 14 100 1 86 2 99 1 48 2 89 2 94 1 35 1 61 2 76 1 37 2 95 1 91 2 29 4 28 1
6 1 8 93 3 28 2 98 2 40 2 60 3 81 1 85 2 101 1
11 2 17 152 1 165 1 135 1 166 1 84 1 88 1 87 1 90 2 66 1 102 1 65 1 97 1 86 1 92 1 158 4 130 1 105 1
7 1 25 136 3 120 1 132 2 118 1 131 1 109 1 127 1 124 1 125 1 129 1 106 1 123 1 121 1 128 1 134 2 119 1 126 1 108 1 110 1 117 1 113 1 114 1 133 1 116 1 107 1
12 2 29 158 3 160 1 147 2 111 1 115 1 163 1 143 1 145 2 112 1 141 1 137 1 138 1 151 1 164 1 149 1 155 1 148 1 150 4 104 1 139 1 108 1 110 1 117 2 113 2 114 2 122 1 133 1 140 2 103 1
//IdTournes NbColis
2 1
//IdColis IdCommandeInColis NbProducts IdProd1 QtyProd1 IdProd2 QtyProd2 ...
8 1 15 154 1 157 1 158 7 145 2 161 1 153 1 141 3 156 1 159 1 144 1 146 1 150 4 140 1 142 1 162 2
