//NbTournees
46
//IdTournes NbColis
0 6
//IdColis IdCommandeInColis NbProducts IdProd1 QtyProd1 IdProd2 QtyProd2 ...
0 1 23 622 1 287 1 356 1 149 1 577 1 579 1 227 1 337 1 351 1 366 1 251 1 212 1 359 1 111 1 244 1 252 1 99 1 95 1 197 1 120 1 255 1 106 1 208 1
24 6 26 14 1 298 1 374 1 705 1 463 1 6 1 183 1 295 1 408 1 162 1 535 1 351 1 485 1 587 1 5 1 708 1 495 1 13 1 640 1 514 1 658 1 558 1 488 1 484 1 519 1 494 3
115 28 30 296 1 288 1 136 1 215 1 294 1 232 1 159 1 242 1 247 1 295 1 671 1 747 1 286 1 249 1 212 1 252 1 255 1 5 1 750 1 72 1 50 1 52 1 516 1 517 1 43 3 518 2 520 1 8 1 492 5 491 4
136 33 21 351 1 187 1 179 2 151 2 128 1 417 1 240 1 422 1 212 1 111 1 377 1 107 1 244 1 252 1 99 1 393 1 255 1 263 2 106 1 378 1 307 1
143 35 23 480 1 234 1 159 1 349 1 235 1 408 1 249 1 394 1 320 1 512 1 351 1 251 1 158 1 165 1 581 1 539 1 721 1 487 1 516 1 517 1 518 2 520 1 519 2
184 48 20 396 1 134 1 350 1 224 1 227 1 389 1 360 1 234 1 231 1 295 1 219 1 290 1 394 1 212 1 377 1 244 1 252 1 393 1 255 1 378 1
//IdTournes NbColis
1 6
//IdColis IdCommandeInColis NbProducts IdProd1 QtyProd1 IdProd2 QtyProd2 ...
1 1 23 66 1 32 2 9 1 27 1 65 1 525 1 1 1 603 1 60 1 48 1 59 1 49 2 526 1 12 1 42 1 21 1 36 1 34 1 15 1 486 1 24 1 492 4 491 3
101 24 26 710 1 513 1 468 1 722 1 165 1 587 1 27 4 54 1 525 1 61 1 493 1 48 1 592 1 80 1 483 1 42 1 36 2 550 1 34 5 482 2 15 1 20 1 486 1 514 1 706 1 519 1
162 41 37 473 1 212 1 377 1 365 1 244 1 252 1 99 1 578 1 255 1 378 1 32 1 309 1 681 1 39 2 23 1 638 1 55 1 48 1 59 1 79 1 354 1 42 1 674 1 683 1 30 1 595 1 29 1 22 1 41 1 675 1 676 1 601 2 673 1 492 4 491 3 484 2 19 1
170 43 31 469 1 240 1 444 1 377 1 163 1 375 1 253 1 244 1 252 1 245 1 393 1 255 1 378 1 602 1 587 1 37 1 27 1 23 2 545 1 49 2 592 1 526 2 556 1 15 1 516 1 517 1 518 2 520 1 8 1 492 5 491 4
172 44 34 613 1 600 1 363 1 227 1 242 1 247 1 349 1 373 1 286 1 394 1 366 1 377 1 244 1 252 1 255 1 393 1 378 1 485 1 568 1 569 1 23 1 525 1 61 1 603 1 50 1 557 1 651 1 30 1 15 1 516 1 8 1 26 1 492 5 491 4
218 60 25 591 1 69 1 699 1 502 4 562 1 525 1 48 1 16 1 49 1 651 1 33 2 43 2 689 1 29 1 35 1 690 1 22 1 41 2 601 2 560 2 617 1 492 5 697 1 491 4 19 1
//IdTournes NbColis
2 6
//IdColis IdCommandeInColis NbProducts IdProd1 QtyProd1 IdProd2 QtyProd2 ...
2 2 19 511 1 350 1 136 1 344 1 234 1 242 1 205 1 104 1 228 1 280 1 219 1 191 1 512 1 187 1 277 1 250 1 115 1 114 1 184 1
51 14 20 709 1 513 1 148 1 446 1 287 1 472 1 288 1 147 1 421 1 395 1 135 1 149 1 347 1 146 1 136 1 150 1 131 1 625 1 492 1 484 1
60 16 17 425 1 136 1 131 1 294 1 124 1 164 1 138 1 232 1 242 1 125 3 104 1 86 1 445 1 295 1 408 1 376 1 233 1
104 25 19 131 1 203 1 124 1 105 1 232 1 159 1 125 1 205 1 104 2 216 1 295 1 217 1 236 1 235 1 348 1 512 1 554 1 154 1 404 1
151 37 20 223 1 275 1 227 1 234 1 340 1 194 1 116 1 104 1 282 1 132 1 280 1 204 1 337 1 219 1 87 1 191 1 187 1 179 1 151 1 128 1
156 39 20 223 1 127 1 171 1 136 1 201 1 339 1 232 1 104 1 231 1 87 1 179 1 128 2 329 1 324 1 229 1 256 1 530 1 332 3 96 1 109 1
//IdTournes NbColis
3 6
//IdColis IdCommandeInColis NbProducts IdProd1 QtyProd1 IdProd2 QtyProd2 ...
3 2 13 10 1 513 1 2 1 11 1 17 1 524 1 54 1 23 1 50 1 59 1 34 5 15 1 519 4
66 17 27 630 1 692 1 497 1 77 1 37 1 39 1 27 2 54 1 65 1 545 1 61 1 72 1 693 1 695 1 495 1 33 1 62 1 686 1 56 2 566 1 30 1 34 5 35 1 29 1 22 1 41 2 76 2
113 27 23 713 1 11 1 17 1 497 1 32 2 9 1 23 2 51 1 72 1 48 1 527 2 59 1 80 1 495 1 12 1 33 1 62 1 67 1 34 5 29 1 35 1 22 1 41 2
187 49 28 698 1 680 1 599 1 502 5 679 1 624 1 524 1 5 1 27 1 23 1 50 2 16 3 557 1 563 1 12 1 33 2 640 1 30 1 15 1 516 1 517 1 520 1 8 1 583 1 492 5 491 4 519 2 481 1
189 50 36 537 1 698 1 396 1 296 1 374 1 395 1 737 1 687 1 567 1 397 1 555 1 370 1 252 1 393 1 255 1 741 1 51 1 59 1 49 4 592 1 557 2 67 1 57 1 746 3 482 1 15 1 516 1 517 1 518 2 586 1 541 1 81 1 520 1 8 1 492 4 491 3
221 61 26 710 1 600 1 702 1 502 2 479 1 555 1 497 2 32 1 485 1 27 2 23 1 603 1 527 2 592 1 30 1 711 1 516 2 517 2 43 1 538 1 520 2 8 2 514 1 585 1 492 5 491 4
//IdTournes NbColis
4 6
//IdColis IdCommandeInColis NbProducts IdProd1 QtyProd1 IdProd2 QtyProd2 ...
4 3 21 297 1 185 1 507 1 368 1 510 1 228 1 508 1 186 1 442 1 103 1 305 1 212 1 111 1 377 1 244 1 252 1 99 1 393 1 255 1 106 1 378 1
48 13 29 672 1 151 1 128 1 240 1 181 2 473 1 212 1 311 1 359 1 377 1 230 1 467 1 411 1 163 1 253 1 244 2 252 1 316 1 245 1 255 2 393 1 378 1 1 1 556 1 728 2 601 2 560 1 492 4 491 4
53 14 31 283 1 320 1 179 1 154 1 151 2 417 2 233 1 161 1 133 1 364 1 160 1 473 1 470 1 377 1 365 1 244 1 252 1 255 2 393 1 378 1 581 1 487 1 677 1 727 1 585 1 601 2 726 1 492 4 491 4 484 2 519 1
217 60 24 420 2 168 1 160 1 279 1 444 1 268 1 198 1 362 1 212 1 158 1 377 1 91 1 115 2 202 1 244 1 252 1 99 1 95 1 434 1 393 1 255 2 106 1 378 1 302 1
220 61 22 408 1 533 1 351 1 672 1 151 2 113 1 161 1 101 1 212 1 111 1 377 1 428 1 244 2 252 1 99 1 193 1 255 2 393 1 207 2 106 1 378 1 274 1
225 63 30 69 1 66 1 751 1 523 1 350 1 579 1 408 1 447 1 555 1 377 1 252 1 393 1 255 1 378 1 39 1 27 3 569 1 23 1 525 2 72 1 592 1 556 1 33 1 36 1 30 2 15 2 521 1 492 5 491 4 519 1
//IdTournes NbColis
5 6
//IdColis IdCommandeInColis NbProducts IdProd1 QtyProd1 IdProd2 QtyProd2 ...
5 3 21 3 1 522 2 31 1 27 2 23 2 525 1 61 1 16 1 18 1 52 1 33 1 46 1 57 1 516 1 517 1 518 2 8 1 520 1 45 1 492 5 491 4
259 83 32 613 1 614 1 468 1 183 1 437 1 162 1 512 1 422 1 420 1 82 1 39 2 23 1 61 1 48 1 500 2 526 1 495 1 483 1 33 1 67 1 34 5 482 1 615 1 15 1 516 1 517 1 518 2 81 1 520 1 8 1 45 1 484 1
32 9 20 83 1 17 1 555 1 32 1 58 1 82 1 27 1 23 1 61 1 59 1 49 1 79 1 12 1 30 2 15 1 516 1 634 1 8 1 492 4 491 3
62 16 29 498 1 752 1 17 1 32 2 27 2 646 1 54 1 525 1 61 1 55 1 539 1 79 1 731 1 47 1 12 1 643 1 42 1 499 2 33 2 566 1 34 5 43 1 538 1 585 1 45 1 76 1 26 2 519 2 481 1
137 33 21 504 1 165 1 32 2 27 1 72 1 50 1 16 1 47 1 495 2 487 1 34 1 547 1 516 1 517 1 518 2 691 1 520 1 8 1 492 4 491 3 19 2
166 42 21 286 1 162 1 394 1 348 2 461 1 535 1 459 1 441 1 154 2 390 1 240 2 229 1 364 1 250 1 462 1 460 1 602 1 516 1 517 1 518 2 520 1
//IdTournes NbColis
6 6
//IdColis IdCommandeInColis NbProducts IdProd1 QtyProd1 IdProd2 QtyProd2 ...
6 4 15 92 2 173 2 86 1 264 1 199 2 259 1 87 1 187 1 168 1 90 2 198 1 262 1 89 1 174 1 96 3
13 5 14 169 3 171 1 173 2 185 1 105 2 104 1 86 1 259 1 87 1 191 1 209 1 187 1 103 1 102 2
17 5 17 249 1 348 3 284 1 512 1 176 2 154 1 128 1 390 1 404 1 181 4 422 2 160 1 362 1 370 1 230 1 253 1 460 1
20 6 15 169 1 173 1 194 1 192 1 200 1 87 1 191 1 186 1 168 2 198 1 189 1 398 1 400 1 184 1 188 1
31 9 22 134 1 275 1 507 1 203 1 238 1 226 1 632 1 162 1 442 1 512 1 351 1 305 1 111 1 377 1 244 1 252 1 99 1 578 1 255 1 106 1 378 1 261 1
34 10 14 116 1 87 1 191 1 209 1 187 1 175 2 113 1 102 3 168 3 198 1 413 1 414 1 412 1 109 2
//IdTournes NbColis
7 6
//IdColis IdCommandeInColis NbProducts IdProd1 QtyProd1 IdProd2 QtyProd2 ...
7 4 11 178 2 143 2 140 1 127 1 134 1 455 2 135 1 386 2 347 2 224 1 131 1
52 14 16 416 1 231 1 137 1 440 1 725 2 247 1 295 1 342 3 373 1 132 2 235 1 292 1 408 1 533 1 225 1 229 1
70 19 19 135 1 149 1 224 1 227 1 234 1 145 2 242 1 440 1 183 1 295 1 180 1 645 1 162 1 225 1 283 2 182 1 179 1 492 1 491 1
76 20 18 137 2 440 1 183 1 701 1 342 1 278 1 254 1 217 1 218 1 211 1 376 1 162 1 533 1 225 1 283 1 461 2 351 1 430 1
91 22 29 650 1 296 1 374 1 350 1 425 1 528 1 295 1 410 1 624 1 252 1 255 2 524 1 9 1 604 1 556 1 641 1 495 2 487 1 586 1 691 1 742 1 743 1 585 2 637 1 740 1 492 5 491 4 481 2 704 2
108 26 23 513 1 157 1 425 1 237 1 242 1 225 1 348 1 441 1 179 1 161 1 251 1 158 3 230 1 253 1 244 1 252 1 255 2 246 1 603 2 557 2 742 1 492 5 491 4
//IdTournes NbColis
8 6
//IdColis IdCommandeInColis NbProducts IdProd1 QtyProd1 IdProd2 QtyProd2 ...
8 4 16 156 1 124 2 105 2 138 1 232 1 312 1 214 1 125 1 510 1 116 2 228 1 419 2 342 1 278 1 343 1 213 1
23 6 17 466 1 348 2 459 1 176 2 179 3 390 2 102 2 229 1 181 2 250 1 158 1 401 1 365 1 460 1 121 2 114 1 208 1
44 12 16 287 1 248 1 421 1 227 1 242 1 295 1 509 1 235 1 394 1 535 1 182 1 179 2 493 1 539 1 536 1 519 1
47 13 18 464 1 350 1 395 1 130 1 146 1 465 1 145 1 440 2 671 1 466 1 290 1 394 1 512 1 409 1 182 1 179 1 122 2 492 1
78 20 14 703 1 527 1 557 2 495 1 561 3 488 1 515 1 707 1 492 5 491 4 519 1 494 1 481 1 704 1
111 27 20 446 1 472 1 350 1 421 1 231 1 247 1 238 1 183 1 254 1 239 1 235 1 162 1 394 1 512 1 424 1 151 1 240 1 229 1 161 1 181 1
//IdTournes NbColis
9 6
//IdColis IdCommandeInColis NbProducts IdProd1 QtyProd1 IdProd2 QtyProd2 ...
9 4 14 282 1 218 1 213 1 291 1 533 1 249 1 461 3 303 1 441 1 154 3 175 3 103 1 424 3 126 1
129 31 18 217 1 236 1 623 1 132 1 199 1 314 1 289 1 286 1 408 1 376 1 162 1 249 1 394 1 348 1 186 2 512 1 441 1 128 3
254 80 19 389 1 242 1 371 1 269 1 305 1 456 1 377 1 375 1 244 1 252 1 99 1 316 1 245 1 598 1 578 1 255 1 106 1 378 1 190 1
265 87 19 136 1 344 1 234 1 180 1 343 1 213 1 286 1 249 1 209 1 154 2 102 2 181 2 420 2 168 1 195 1 108 1 263 1 621 1 109 1
26 7 11 136 1 203 1 86 1 199 1 211 1 191 1 531 1 341 1 187 1 129 1 198 1
43 12 13 127 1 185 1 215 1 104 1 132 1 199 1 219 1 128 2 417 2 102 1 268 1 261 1 190 1
//IdTournes NbColis
10 6
//IdColis IdCommandeInColis NbProducts IdProd1 QtyProd1 IdProd2 QtyProd2 ...
10 4 13 126 2 390 2 139 2 240 1 102 3 404 1 229 2 311 1 313 1 158 2 230 1 121 2 208 1
89 22 17 179 3 103 1 151 3 128 3 417 1 240 1 451 1 229 1 133 1 366 1 444 1 456 1 362 1 212 1 158 3 111 1 244 2
110 27 16 223 1 185 1 214 1 217 1 218 1 213 1 132 1 199 1 209 1 187 1 175 1 139 3 102 3 168 1 208 1 190 1
118 29 16 294 1 339 1 105 1 416 2 138 1 159 1 242 1 125 3 345 1 104 1 419 1 180 1 342 1 278 1 282 1 509 1
120 29 13 648 2 151 2 129 3 390 2 417 1 240 1 403 1 364 1 270 1 460 1 121 1 271 1 109 1
122 29 11 729 1 9 1 525 1 556 1 487 1 640 1 544 1 514 1 585 1 706 1 519 3
//IdTournes NbColis
11 6
//IdColis IdCommandeInColis NbProducts IdProd1 QtyProd1 IdProd2 QtyProd2 ...
11 4 16 4 1 183 2 295 1 376 1 162 1 512 1 351 1 422 1 160 2 375 1 253 1 646 1 693 3 495 1 541 1 647 1
121 29 17 513 1 446 1 298 1 350 2 164 1 183 2 660 1 408 1 162 2 512 1 351 1 633 1 160 3 555 1 163 1 626 1 489 1
149 36 22 298 1 374 1 350 1 183 2 254 1 11 1 376 1 162 2 351 1 160 2 555 1 462 1 655 1 375 1 253 1 587 1 556 1 482 2 690 1 675 1 484 1 481 1
227 64 21 227 1 476 1 159 1 440 1 349 1 254 1 181 2 479 1 377 1 244 1 252 1 393 1 255 2 378 1 487 1 482 1 490 1 489 1 492 5 491 4 484 1
248 76 19 576 1 361 1 146 1 394 1 512 1 574 1 212 1 111 1 377 1 244 1 252 1 99 1 578 1 255 1 106 1 378 1 581 1 572 1 575 1
68 18 21 436 1 472 1 288 1 350 1 344 1 349 1 509 1 162 1 161 1 160 1 250 1 473 1 158 1 37 1 30 1 34 5 43 2 514 1 521 1 519 1 481 1
//IdTournes NbColis
12 6
//IdColis IdCommandeInColis NbProducts IdProd1 QtyProd1 IdProd2 QtyProd2 ...
12 4 14 39 1 27 1 50 1 47 1 62 1 30 2 34 5 15 1 29 1 35 1 38 1 22 1 41 2 19 1
25 6 19 64 1 501 1 28 1 58 2 39 1 27 4 23 2 669 1 51 1 55 1 48 1 44 1 47 1 56 1 34 5 15 2 45 1 26 1 19 1
230 65 26 613 1 288 1 350 1 367 1 224 1 227 1 234 1 235 1 284 1 179 1 151 2 229 1 422 1 642 1 644 1 65 1 569 1 23 1 545 1 500 1 52 1 499 1 34 5 15 1 8 1 488 1
268 88 19 756 1 630 1 627 1 628 2 624 1 589 1 58 1 27 1 569 1 545 1 61 1 55 1 59 2 79 1 495 1 42 1 34 5 615 1 560 1
28 7 25 498 1 504 1 69 1 501 1 11 1 9 1 548 1 77 1 74 2 27 1 54 2 23 1 61 1 50 1 59 1 500 1 42 1 33 1 62 2 36 2 68 1 34 5 15 1 20 2 76 1
58 15 20 618 1 644 1 9 1 589 1 58 1 27 1 54 1 65 1 525 2 61 1 755 1 55 1 78 1 34 5 20 1 546 1 29 1 35 1 22 1 41 2
//IdTournes NbColis
13 6
//IdColis IdCommandeInColis NbProducts IdProd1 QtyProd1 IdProd2 QtyProd2 ...
14 5 10 102 2 168 2 195 1 107 1 208 1 170 1 167 1 96 1 274 1 109 1
18 5 21 4 1 7 1 513 1 480 1 624 1 555 1 562 1 667 1 497 1 493 2 665 1 526 2 668 1 556 1 666 1 13 1 664 1 538 1 515 1 617 1 559 1
29 8 19 112 1 472 1 350 1 136 1 294 1 232 1 214 1 242 1 104 1 192 1 213 2 235 1 376 1 351 1 113 1 317 1 230 1 189 1 506 1
59 16 12 143 2 92 1 140 1 112 1 148 1 446 1 287 1 127 2 406 2 346 2 455 1 409 1
83 21 18 320 1 351 1 154 3 240 2 160 1 462 1 362 1 370 1 457 1 372 1 411 1 375 1 493 1 490 1 536 1 754 1 558 1 481 1
124 30 13 205 1 273 2 191 1 186 1 187 1 102 3 168 2 268 1 198 1 195 1 262 1 95 1 110 1
//IdTournes NbColis
14 6
//IdColis IdCommandeInColis NbProducts IdProd1 QtyProd1 IdProd2 QtyProd2 ...
15 5 14 178 1 143 1 140 2 296 1 472 1 177 1 452 1 421 3 425 1 347 1 224 1 136 1 476 1 245 1
41 11 13 582 1 350 1 579 1 224 1 227 1 216 1 260 1 200 1 337 1 87 1 250 1 279 1 261 1
57 15 22 580 1 180 1 342 2 166 1 152 1 132 1 162 1 348 2 176 2 417 1 181 1 153 1 123 1 555 1 163 2 165 1 482 1 753 1 558 1 484 1 519 1 481 2
160 40 15 501 1 497 1 75 1 37 1 74 4 23 2 61 1 539 1 708 1 748 2 34 5 15 1 536 1 484 1 519 1
182 47 39 679 1 364 1 366 1 212 1 377 1 244 1 252 1 255 2 393 1 724 1 378 1 407 1 39 1 27 1 61 2 60 1 18 2 720 1 592 1 651 1 33 2 723 1 40 1 718 2 43 1 719 1 689 1 81 2 29 1 22 1 41 2 24 1 601 2 717 1 560 1 492 5 491 3 519 2 481 1
185 49 18 296 1 380 1 287 1 421 1 387 1 227 1 201 1 445 1 247 1 238 1 226 1 392 1 211 1 688 1 219 1 283 1 151 1 128 2
//IdTournes NbColis
15 6
//IdColis IdCommandeInColis NbProducts IdProd1 QtyProd1 IdProd2 QtyProd2 ...
16 5 15 344 1 164 1 416 1 234 1 159 1 125 3 231 1 419 1 295 1 342 3 661 1 660 1 132 1 235 2 376 1
159 40 21 342 2 278 1 199 1 269 1 394 1 348 2 284 1 512 1 351 1 179 1 151 2 128 1 422 1 158 1 300 1 89 1 330 1 328 1 96 2 325 1 109 1
174 45 17 513 1 2 1 374 1 421 1 579 1 345 1 371 1 295 1 342 3 235 1 286 1 376 2 162 1 161 1 181 2 478 1 587 1
263 86 19 285 1 136 1 294 1 232 1 242 1 183 1 342 2 226 1 211 1 408 1 376 1 139 1 102 2 181 1 422 1 168 2 362 1 621 1 309 1
64 17 15 350 1 157 3 425 3 347 1 367 1 476 1 480 1 156 1 164 1 159 1 247 1 471 1 162 1 249 1 647 1
82 21 13 243 1 455 1 157 1 425 2 347 2 156 1 242 1 183 2 295 1 342 5 226 1 376 1 484 1
//IdTournes NbColis
16 6
//IdColis IdCommandeInColis NbProducts IdProd1 QtyProd1 IdProd2 QtyProd2 ...
19 5 23 17 1 502 3 53 1 37 1 39 1 27 3 54 1 61 2 50 1 16 2 18 2 25 1 33 1 67 1 63 1 30 1 34 5 15 1 40 1 20 1 43 1 45 1 26 1
127 30 27 591 1 66 1 17 1 628 1 729 1 524 1 548 1 39 1 27 4 638 1 61 2 51 1 50 2 59 1 18 2 592 1 36 1 566 1 34 5 15 2 40 1 43 1 29 1 35 1 22 1 41 2 26 1
203 55 19 528 1 65 1 23 1 48 1 59 2 18 2 42 1 36 2 30 2 34 5 516 1 517 1 518 2 29 1 35 1 520 1 8 1 22 1 41 2
84 21 28 66 1 756 1 618 1 570 1 32 1 548 1 39 1 27 2 61 1 51 2 72 1 55 2 593 2 16 1 563 1 666 1 42 1 499 1 33 2 56 1 30 2 34 5 15 1 40 1 29 1 35 1 22 1 41 2
106 25 25 709 1 17 1 535 1 32 2 39 1 27 1 61 1 72 2 48 3 50 1 59 1 42 1 36 2 712 2 78 2 34 5 565 1 43 1 29 1 35 1 22 1 41 2 706 1 519 1 481 4
155 38 27 685 1 296 1 350 1 159 1 295 1 349 1 351 1 407 1 77 1 39 1 23 2 72 1 593 1 18 2 594 1 592 2 495 1 487 1 550 1 30 1 34 5 15 1 40 1 20 2 516 1 520 1 8 1
//IdTournes NbColis
17 6
//IdColis IdCommandeInColis NbProducts IdProd1 QtyProd1 IdProd2 QtyProd2 ...
21 6 17 178 1 143 1 140 1 112 1 406 1 346 1 157 1 449 1 579 1 347 1 224 1 227 1 201 1 405 1 131 1 222 1 105 1
135 33 20 112 1 275 1 227 1 203 1 145 1 443 1 345 1 217 1 373 1 199 1 308 1 269 1 408 1 162 1 225 1 283 1 394 1 87 1 191 1 317 1
216 60 19 436 1 287 1 127 1 433 1 350 1 149 1 336 1 579 1 224 1 215 1 445 1 183 1 180 1 687 1 204 1 276 1 102 1 317 1 181 1
231 66 21 523 1 350 1 227 1 222 1 234 1 242 1 205 1 249 1 268 1 72 2 527 1 526 1 529 1 184 1 30 2 34 4 15 1 516 1 517 1 520 1 8 1
245 74 23 590 1 584 2 227 1 199 1 87 1 191 1 229 1 250 1 95 1 207 1 589 1 5 1 51 1 539 1 16 1 30 1 34 5 516 1 517 1 520 1 8 1 583 1 488 1
251 77 18 66 1 564 1 17 1 587 1 27 2 61 1 594 1 42 1 34 5 516 1 586 1 541 1 520 1 8 1 514 1 585 1 616 1 519 2
//IdTournes NbColis
18 6
//IdColis IdCommandeInColis NbProducts IdProd1 QtyProd1 IdProd2 QtyProd2 ...
22 6 17 416 1 234 1 159 1 125 3 116 2 228 1 238 1 371 1 180 1 343 1 132 1 235 1 292 1 204 1 220 1 211 1 219 1
37 10 15 183 1 419 1 342 1 343 1 282 1 218 2 213 2 286 1 408 1 162 1 394 1 176 1 210 1 424 2 126 5
125 30 15 285 1 287 1 127 2 298 1 134 1 293 1 297 1 350 1 421 2 347 1 131 1 416 1 580 1 295 1 342 1
138 34 13 178 1 143 2 140 1 100 1 306 1 296 1 287 1 171 1 346 2 157 2 173 1 386 1 347 1
139 34 18 136 1 294 1 124 2 105 1 232 1 312 1 242 1 247 1 183 1 217 1 226 1 239 1 235 1 199 1 204 1 162 1 291 1 249 1
165 42 18 287 1 406 2 374 1 350 1 157 1 347 1 294 1 232 1 159 1 242 1 228 1 419 1 371 1 295 1 342 2 631 1 626 1 519 1
//IdTournes NbColis
19 6
//IdColis IdCommandeInColis NbProducts IdProd1 QtyProd1 IdProd2 QtyProd2 ...
27 7 19 374 1 293 1 421 2 294 1 232 1 435 1 231 1 289 1 320 1 151 1 317 1 253 1 493 2 487 1 542 2 541 1 540 1 484 2 519 1
132 32 16 178 1 140 1 319 1 322 1 346 1 421 2 157 1 196 1 315 1 136 1 201 1 339 1 86 1 247 1 371 1 295 1
158 40 15 169 2 140 1 288 1 173 1 347 1 227 1 222 1 339 1 234 1 580 1 116 2 345 1 183 2 295 2 327 1
209 57 16 350 1 157 1 425 1 344 1 232 1 408 1 162 1 554 1 151 2 181 1 250 1 158 2 556 1 538 1 484 2 519 1
223 62 25 698 1 511 1 436 1 513 1 344 1 242 1 238 1 722 1 437 1 250 2 375 2 163 1 27 1 51 1 72 1 593 1 495 1 487 1 542 1 483 1 30 2 34 5 15 1 43 1 24 1
236 69 24 436 1 287 1 288 1 455 1 294 1 232 1 159 1 242 1 183 1 419 2 371 1 342 2 424 1 160 1 250 1 555 1 562 1 365 1 485 1 516 1 517 1 486 2 520 1 484 1
//IdTournes NbColis
20 6
//IdColis IdCommandeInColis NbProducts IdProd1 QtyProd1 IdProd2 QtyProd2 ...
30 8 14 66 1 32 1 23 2 525 1 72 1 80 1 495 2 12 1 33 1 78 1 34 5 15 1 514 1 19 1
109 26 13 591 1 629 1 735 1 32 2 27 2 61 2 72 2 48 1 49 1 42 1 33 2 78 1 19 1
134 32 19 17 1 633 1 32 4 27 1 54 1 23 1 604 1 61 1 49 3 592 1 42 1 33 2 30 2 546 1 732 1 24 1 515 1 492 5 491 4
157 39 19 346 1 347 1 344 1 295 1 437 1 289 1 376 1 351 1 240 1 545 1 34 5 516 1 517 1 486 1 520 1 8 1 514 1 484 1 519 1
161 41 21 680 1 148 1 356 1 369 1 352 1 361 1 367 1 326 1 443 1 266 1 231 1 260 1 671 1 132 1 199 1 283 1 290 1 191 1 357 1 111 1 35 1
192 51 22 680 1 17 1 535 1 411 1 32 1 485 1 37 1 525 1 604 1 55 1 59 1 500 1 79 1 33 1 30 1 34 4 482 1 40 1 486 1 561 1 8 1 481 1
//IdTournes NbColis
21 6
//IdColis IdCommandeInColis NbProducts IdProd1 QtyProd1 IdProd2 QtyProd2 ...
33 10 9 92 2 265 1 100 1 415 4 275 1 173 2 185 1 105 2 116 3
46 13 16 112 1 98 1 84 1 87 1 88 1 111 1 91 2 108 1 107 1 99 1 95 2 94 1 110 1 106 1 89 1 109 1
50 14 14 100 1 84 1 399 1 104 1 103 1 113 1 102 3 101 1 111 1 94 1 110 1 106 1 114 1 96 1
63 17 19 112 1 144 1 223 2 131 1 124 1 105 1 119 1 116 1 86 1 117 1 199 1 142 2 129 1 279 1 85 1 93 1 97 1 96 4 109 1
69 19 16 272 1 185 1 201 1 266 1 116 2 104 1 86 1 260 1 267 1 113 1 102 2 168 1 198 1 111 1 99 1 106 1
73 20 16 92 1 112 1 196 1 201 1 105 1 116 1 86 2 199 1 269 1 209 2 103 1 168 2 111 1 99 1 197 1 106 1
//IdTournes NbColis
22 6
//IdColis IdCommandeInColis NbProducts IdProd1 QtyProd1 IdProd2 QtyProd2 ...
35 10 10 178 1 143 2 140 3 127 2 374 1 177 1 134 1 455 3 425 1 649 1
75 20 14 455 2 458 2 700 1 157 2 347 2 315 1 136 1 150 1 431 1 131 1 124 1 138 1 159 1 181 1
119 29 15 213 1 649 1 289 1 280 1 291 1 466 1 394 1 348 2 459 1 176 2 441 1 154 4 175 3 103 1 648 1
154 38 15 118 1 224 1 227 1 344 1 234 1 242 1 238 1 343 1 132 1 235 1 187 1 310 1 229 1 309 1 189 1
195 52 10 459 1 154 3 390 2 233 1 229 1 362 1 485 1 538 1 486 1 519 1
205 56 17 136 1 405 1 294 1 232 1 125 2 419 2 295 1 471 1 282 1 509 1 199 1 394 1 348 1 209 1 176 1 441 1 154 3
//IdTournes NbColis
23 6
//IdColis IdCommandeInColis NbProducts IdProd1 QtyProd1 IdProd2 QtyProd2 ...
36 10 15 425 1 347 4 224 1 136 1 294 1 124 1 138 1 232 1 159 1 125 1 228 1 231 1 247 1 183 2 649 1
212 58 19 553 1 228 1 348 1 176 1 187 1 175 3 151 1 129 2 390 1 139 2 422 1 420 1 195 1 158 2 300 1 202 1 460 1 208 1 190 1
253 79 20 227 1 349 1 318 1 212 1 111 1 377 1 244 1 252 1 99 1 578 1 255 1 106 1 378 1 606 1 27 1 54 1 190 1 15 1 492 5 491 4
99 24 12 446 1 127 1 248 5 374 1 118 2 134 1 350 1 173 1 224 1 227 1 215 1 184 1
107 26 18 178 1 169 1 140 1 196 1 185 1 136 1 201 1 132 1 87 1 101 1 212 1 111 1 91 1 108 1 99 1 121 2 106 1 184 1
142 35 17 134 1 222 1 104 1 260 1 217 1 282 1 132 1 199 1 200 1 87 1 191 1 187 1 198 1 300 1 207 1 89 1 302 1
//IdTournes NbColis
24 6
//IdColis IdCommandeInColis NbProducts IdProd1 QtyProd1 IdProd2 QtyProd2 ...
38 10 13 139 5 229 2 181 3 364 1 277 1 250 1 279 1 450 1 653 2 654 1 454 2 656 2 453 1
67 18 12 134 1 185 1 136 1 234 1 86 1 199 1 151 1 128 2 102 2 233 1 270 1 505 1
173 45 20 399 1 116 1 86 1 278 1 355 1 199 1 280 1 210 1 113 1 102 1 403 1 277 1 268 1 359 1 300 1 107 1 307 1 475 1 96 2 109 1
177 46 17 384 1 385 1 352 1 315 1 146 1 145 2 116 1 305 1 382 1 113 1 381 1 102 1 212 1 111 1 300 1 99 1 106 1
219 61 17 281 1 100 1 288 1 297 1 350 1 331 1 227 1 477 1 368 1 145 2 116 1 86 1 445 1 180 1 432 1 280 1 286 1
242 72 15 288 1 248 1 145 1 242 1 254 1 509 1 219 1 394 1 87 1 151 2 128 1 417 1 253 1 190 1 188 1
//IdTournes NbColis
25 6
//IdColis IdCommandeInColis NbProducts IdProd1 QtyProd1 IdProd2 QtyProd2 ...
39 10 7 657 1 497 1 485 1 525 1 493 1 12 1 626 1
178 46 19 248 2 374 1 421 2 227 1 159 1 295 1 317 1 377 1 163 1 244 1 252 1 255 2 393 1 378 1 493 1 637 2 492 5 491 4 519 1
202 55 19 418 1 248 1 421 1 275 1 347 1 227 1 215 1 131 1 339 1 105 1 260 1 247 1 181 1 422 1 420 1 168 1 184 1 190 1 506 1
249 76 18 513 1 524 1 493 1 588 1 593 1 49 1 18 1 597 1 36 1 595 1 20 1 516 1 517 1 518 1 520 1 8 1 492 4 491 3
250 77 17 141 1 134 1 136 1 344 1 234 1 345 1 260 1 278 1 132 2 151 2 128 1 102 1 181 2 420 2 168 2 333 1 189 1
252 78 23 596 1 201 1 132 1 133 1 377 1 244 1 252 1 578 1 255 2 106 1 378 1 525 1 48 1 190 1 29 1 35 1 22 1 41 2 601 3 492 5 491 4 608 2 519 2
//IdTournes NbColis
26 6
//IdColis IdCommandeInColis NbProducts IdProd1 QtyProd1 IdProd2 QtyProd2 ...
40 10 18 501 1 73 1 58 1 37 1 27 3 54 1 61 3 48 1 50 2 16 3 59 2 18 1 78 2 30 2 34 5 15 2 81 1 45 1
79 20 14 504 1 17 1 502 6 606 1 27 1 50 2 16 2 49 1 79 1 30 2 34 1 15 2 43 1 19 1
92 22 15 64 1 502 1 570 1 642 1 82 1 39 1 27 2 16 1 49 1 592 1 33 2 723 1 566 1 683 1 30 1
176 45 24 503 1 630 1 17 1 496 1 589 1 27 1 23 2 525 2 61 1 48 1 16 1 749 1 495 1 643 1 42 1 36 1 63 1 34 5 15 1 29 1 35 1 8 1 22 1 41 2
179 46 19 498 1 735 1 501 1 66 1 17 1 32 1 77 1 82 1 27 2 54 1 525 1 61 1 55 1 16 1 733 1 500 2 731 1 33 1 43 1
196 52 20 698 1 58 1 27 1 23 1 525 1 638 1 669 1 61 1 51 1 755 1 55 1 50 1 16 3 495 1 21 1 30 1 34 5 20 3 546 1 43 1
//IdTournes NbColis
27 6
//IdColis IdCommandeInColis NbProducts IdProd1 QtyProd1 IdProd2 QtyProd2 ...
42 11 20 69 1 7 1 71 1 17 1 497 1 58 1 39 1 27 4 54 2 545 1 493 1 72 1 55 1 36 1 34 5 15 2 40 1 516 1 520 1 8 1
144 35 24 498 1 713 1 502 2 567 1 679 1 724 1 32 1 82 1 54 1 23 2 72 1 50 2 59 1 529 1 42 1 63 1 30 2 34 5 15 2 29 1 35 1 8 1 22 1 41 2
241 71 21 243 1 244 1 252 1 393 1 255 1 32 1 557 1 42 1 33 2 36 2 30 1 516 1 517 1 43 1 518 2 520 1 8 1 76 1 492 4 491 3 519 1
244 73 26 591 1 584 1 596 1 296 1 227 1 443 1 580 1 180 1 394 1 87 1 158 1 32 1 61 1 72 1 48 1 50 1 592 2 34 5 15 1 516 1 517 1 518 2 520 1 8 1 76 1 519 1
256 81 19 69 1 112 1 374 1 227 1 360 1 234 1 104 1 260 1 132 2 211 1 364 1 58 1 27 1 55 1 190 1 42 1 36 1 34 4 519 1
266 87 20 620 1 555 1 32 1 587 1 27 1 55 1 16 1 592 1 626 1 78 1 550 2 30 1 34 5 482 1 15 1 43 1 538 1 484 2 519 2 494 2
//IdTournes NbColis
28 6
//IdColis IdCommandeInColis NbProducts IdProd1 QtyProd1 IdProd2 QtyProd2 ...
45 12 15 543 1 70 1 83 1 32 2 75 1 27 1 23 1 72 1 48 2 499 1 36 1 78 1 30 2 34 5 43 1
273 91 19 298 1 136 1 344 1 234 1 254 1 432 1 292 1 408 1 533 1 103 1 32 1 72 1 643 1 34 4 40 1 516 1 520 1 8 1 481 1
141 34 20 14 1 17 1 502 1 32 2 75 1 9 1 82 2 27 1 568 1 569 1 72 1 48 2 50 2 641 1 12 1 34 5 15 1 489 1 515 1 519 1
150 36 18 17 2 82 1 39 1 27 1 23 1 48 2 744 2 67 1 34 1 15 1 43 1 745 1 29 1 35 1 22 1 41 2 76 1 26 1
181 47 20 591 1 501 1 571 1 391 1 662 1 222 1 242 1 716 1 663 1 349 1 715 1 162 1 388 1 249 1 17 1 714 1 182 2 179 1 35 1 491 1
198 53 20 287 1 298 1 350 1 579 1 344 1 645 1 181 1 250 1 27 2 23 2 493 1 527 1 12 1 36 1 34 5 482 1 514 1 484 1 519 1 481 1
//IdTournes NbColis
29 6
//IdColis IdCommandeInColis NbProducts IdProd1 QtyProd1 IdProd2 QtyProd2 ...
49 13 13 730 1 32 1 51 1 80 1 734 2 52 1 12 1 30 1 615 1 29 1 35 1 22 1 41 2
262 85 25 6 1 17 1 496 1 589 1 587 1 77 1 27 1 638 1 72 1 59 1 592 1 12 1 42 1 36 1 63 1 550 1 34 5 15 1 20 1 29 1 35 1 22 1 41 2 616 1 494 1
131 31 17 757 1 6 1 528 1 535 1 32 4 27 1 51 1 72 1 48 1 59 1 549 1 556 1 495 1 62 1 34 5 15 2 494 1
207 56 21 17 1 32 1 27 2 54 1 23 1 55 1 59 2 592 1 483 1 42 1 78 1 63 1 544 1 30 2 34 5 15 1 20 1 8 1 24 1 637 1 481 1
232 67 22 185 1 136 1 294 1 232 1 242 1 229 1 250 1 370 1 365 1 89 1 32 2 551 1 27 2 59 1 549 1 56 1 544 1 34 4 482 1 547 1 15 2 20 1
255 80 17 605 1 599 1 602 1 545 2 603 1 16 1 59 1 30 1 607 1 518 1 29 1 35 1 22 1 41 2 601 2 492 5 491 4
//IdTournes NbColis
30 6
//IdColis IdCommandeInColis NbProducts IdProd1 QtyProd1 IdProd2 QtyProd2 ...
54 14 16 32 1 39 1 27 2 54 1 59 1 49 3 563 1 42 1 550 1 57 1 30 2 29 1 35 1 732 1 22 1 41 2
210 57 13 17 1 9 1 27 1 23 2 61 1 50 1 16 1 59 1 42 1 34 5 15 1 565 1 19 1
228 64 13 639 1 17 1 32 2 27 2 54 1 61 1 72 1 55 2 49 1 495 1 33 1 15 2 19 1
239 70 15 571 1 17 1 570 1 27 2 568 1 569 1 23 1 525 1 545 1 59 1 495 1 550 1 30 2 34 5 15 1
123 29 24 17 1 28 1 570 1 642 1 32 1 39 2 74 4 545 1 61 1 51 1 72 1 59 1 592 2 62 1 56 1 550 1 34 5 15 2 40 1 20 2 29 1 35 1 22 1 41 2
167 42 13 638 1 72 2 55 2 684 1 686 1 30 1 34 5 15 2 43 1 8 1 76 1 682 2 19 1
//IdTournes NbColis
31 6
//IdColis IdCommandeInColis NbProducts IdProd1 QtyProd1 IdProd2 QtyProd2 ...
55 15 14 169 1 171 1 118 1 399 1 116 1 87 1 103 1 113 1 168 1 85 1 91 1 115 1 120 1 109 1
133 32 24 180 1 226 1 87 1 191 1 187 1 179 1 305 1 672 1 151 1 128 1 310 1 212 1 158 1 111 1 270 1 244 1 252 1 99 1 316 1 255 2 106 1 323 1 301 1 190 1
186 49 15 212 1 195 1 111 1 377 1 108 1 115 1 244 1 252 1 99 1 193 1 393 1 255 2 106 1 378 1 206 1
233 68 20 346 1 452 1 227 1 201 1 344 1 203 1 234 1 104 1 295 1 533 1 186 1 187 1 179 1 128 1 229 2 181 2 168 1 532 1 96 1 274 1
271 90 20 134 1 293 1 136 1 137 1 631 1 199 1 162 1 410 1 229 1 212 1 111 1 377 1 244 1 252 1 99 1 393 1 255 1 106 1 378 1 438 1
126 30 17 342 1 623 1 292 1 211 1 290 1 394 1 176 2 179 3 151 2 128 3 181 1 655 1 375 1 121 2 602 1 718 1 675 1
//IdTournes NbColis
32 6
//IdColis IdCommandeInColis NbProducts IdProd1 QtyProd1 IdProd2 QtyProd2 ...
56 15 13 143 1 140 1 141 1 346 2 134 1 421 3 347 1 131 1 164 1 416 1 138 1 159 2 342 1
191 51 16 409 2 176 1 441 1 410 1 151 1 113 1 129 1 102 2 229 1 181 1 420 1 268 1 370 1 158 1 263 1 407 1
61 16 9 249 1 409 1 126 1 139 2 317 1 90 1 655 1 659 1 121 1
96 23 16 226 1 218 1 289 1 408 1 376 1 162 1 249 1 394 1 461 2 351 1 176 2 154 3 175 1 672 1 424 3 245 1
105 25 13 410 1 672 1 424 2 129 2 139 2 233 1 181 1 241 1 115 2 121 2 221 1 581 1 96 2
130 31 15 417 3 397 1 304 1 279 1 318 1 473 1 313 1 91 1 270 1 321 1 110 1 120 1 309 1 261 1 96 1
//IdTournes NbColis
33 6
//IdColis IdCommandeInColis NbProducts IdProd1 QtyProd1 IdProd2 QtyProd2 ...
65 17 11 348 3 351 1 154 2 155 1 460 3 485 1 493 1 483 1 486 1 494 1 481 1
147 36 14 228 1 218 2 213 2 235 2 280 2 220 1 249 1 394 2 461 1 209 1 320 1 154 3 175 2 229 1
260 84 15 169 2 140 1 610 1 611 1 477 1 339 1 125 1 180 1 179 1 175 1 609 1 612 1 121 1 500 1 379 1
269 89 14 374 1 134 1 135 1 510 1 247 1 289 1 211 1 408 1 154 1 424 1 126 3 365 1 114 1 301 1
71 19 19 276 1 151 2 181 2 624 1 318 1 212 1 377 1 365 1 253 1 244 1 252 1 393 1 255 2 378 1 581 1 1 1 651 1 492 4 491 3
80 21 15 178 1 140 1 173 2 131 2 105 2 360 1 138 1 125 1 116 1 104 1 86 1 264 1 199 1 220 1 175 1
//IdTournes NbColis
34 6
//IdColis IdCommandeInColis NbProducts IdProd1 QtyProd1 IdProd2 QtyProd2 ...
72 19 12 652 2 497 1 32 1 495 1 12 1 42 1 33 2 36 2 30 1 20 1 26 1 19 1
257 82 20 66 1 436 1 223 1 288 1 600 1 227 1 234 1 159 1 278 1 162 1 442 1 198 1 485 1 27 1 604 1 16 1 190 1 34 5 489 1 481 2
264 86 19 564 1 2 1 497 1 32 1 589 1 27 1 604 2 493 1 592 1 641 1 483 1 33 2 640 1 30 2 34 5 38 1 514 1 616 1 519 1
98 23 16 620 1 628 1 497 1 27 3 23 2 641 1 483 2 42 1 34 5 678 1 677 1 29 1 35 1 41 2 484 1 519 1
148 36 11 175 1 390 2 139 2 181 3 364 1 241 1 370 1 115 1 202 1 274 1 109 1
153 37 21 498 1 446 1 344 1 183 1 349 1 631 1 249 1 17 1 535 1 512 1 619 1 160 2 555 1 158 2 50 2 643 1 34 5 40 1 516 1 8 1 519 3
//IdTournes NbColis
35 6
//IdColis IdCommandeInColis NbProducts IdProd1 QtyProd1 IdProd2 QtyProd2 ...
74 20 9 178 2 143 3 140 2 141 1 436 1 391 1 406 2 346 2 350 1
86 22 12 178 2 143 3 140 1 112 1 148 1 739 1 288 1 147 1 346 1 177 1 452 2 134 1
87 22 17 293 1 458 1 157 1 130 1 135 1 149 1 386 1 347 1 736 1 146 1 136 1 201 1 131 2 344 1 203 1 368 1 339 1
94 23 11 178 2 143 2 140 1 243 1 223 1 127 1 670 1 415 3 350 1 455 2 461 1
95 23 15 135 1 402 2 224 1 136 1 294 1 105 2 138 1 232 1 159 1 427 1 242 1 125 1 448 3 183 1 238 1
100 24 13 222 1 234 1 231 1 295 1 180 1 217 1 631 1 87 2 512 1 351 1 182 1 128 1 250 1
//IdTournes NbColis
36 6
//IdColis IdCommandeInColis NbProducts IdProd1 QtyProd1 IdProd2 QtyProd2 ...
77 20 15 276 1 126 1 139 2 229 2 161 1 181 1 160 3 212 1 158 1 428 1 321 1 375 1 252 1 245 1 121 2
97 23 19 126 3 390 2 139 1 404 1 229 1 161 2 181 3 160 2 444 1 457 1 115 1 202 1 197 1 121 1 207 2 206 1 172 2 96 3 109 1
164 42 19 104 1 199 1 280 1 87 1 191 1 209 1 176 2 175 1 139 1 102 2 168 2 300 1 262 1 202 1 95 1 121 2 207 1 96 2 190 1
168 43 21 141 1 196 1 104 1 257 1 278 1 280 1 341 1 113 1 358 1 212 1 111 1 91 1 262 1 99 1 94 1 197 1 120 1 207 1 106 1 333 1 189 1
193 52 14 178 1 143 2 92 2 140 1 173 1 185 1 136 1 125 2 176 1 175 3 404 1 168 1 110 1 188 1
194 52 15 436 1 406 2 288 1 346 1 347 2 294 1 232 1 242 1 231 1 247 1 238 1 183 2 289 1 461 2 534 1
//IdTournes NbColis
37 6
//IdColis IdCommandeInColis NbProducts IdProd1 QtyProd1 IdProd2 QtyProd2 ...
81 21 13 126 2 129 1 139 3 102 3 168 2 279 1 299 1 90 1 198 1 121 2 172 1 261 1 96 1
188 50 16 319 1 336 1 224 1 136 1 294 1 232 1 266 1 259 1 364 1 198 1 212 1 111 1 244 1 99 1 110 1 106 1
199 54 14 223 1 118 1 136 1 194 1 104 1 213 1 199 1 103 1 113 1 129 1 102 1 168 1 311 1 120 1
208 57 11 178 2 143 1 169 2 134 1 124 1 104 1 87 1 305 1 113 1 417 2 552 1
224 63 18 439 1 130 1 227 1 234 1 443 1 435 1 104 1 440 1 442 1 317 1 444 1 212 1 111 1 230 1 244 1 99 1 106 1 438 1
240 71 16 385 1 227 1 201 1 326 1 235 1 200 1 280 1 269 1 210 1 133 1 198 1 212 1 111 1 99 1 106 1 189 1
//IdTournes NbColis
38 6
//IdColis IdCommandeInColis NbProducts IdProd1 QtyProd1 IdProd2 QtyProd2 ...
85 22 13 169 1 334 1 171 1 173 2 336 1 196 1 331 1 326 1 86 2 87 1 187 1 99 1 95 1
247 75 15 537 1 577 1 227 1 242 1 166 1 283 1 377 1 244 1 252 1 393 1 255 1 378 1 516 1 492 4 491 3
114 28 7 185 1 257 1 199 1 269 1 99 1 106 1 261 1
116 29 13 169 1 173 3 185 1 399 2 264 1 87 2 191 1 168 1 90 2 256 1 263 1 258 1 188 1
145 36 11 265 1 173 1 199 2 87 1 187 1 335 1 168 2 91 1 262 1 263 1 379 1
226 64 11 84 1 474 1 103 1 102 2 123 1 85 1 212 1 111 1 99 1 106 1 208 1
//IdTournes NbColis
39 6
//IdColis IdCommandeInColis NbProducts IdProd1 QtyProd1 IdProd2 QtyProd2 ...
88 22 17 138 2 312 1 242 1 216 1 231 1 738 1 286 2 337 1 211 1 283 1 249 1 394 1 348 3 284 1 430 1 341 1 338 1
190 51 18 350 1 136 1 344 1 105 1 138 1 234 1 312 1 427 1 419 1 295 1 180 1 342 2 282 1 213 2 408 1 259 1 249 1 348 1
175 45 9 420 1 364 1 153 1 318 1 411 1 626 1 516 1 560 1 519 1
197 53 14 141 1 148 1 136 1 234 1 226 1 343 1 132 1 235 1 151 1 128 1 417 1 102 2 168 1 401 1
211 58 17 143 1 169 1 148 1 296 1 406 1 288 1 346 2 347 1 136 1 405 1 399 1 294 1 105 1 423 1 234 1 159 1 192 1
214 59 13 141 1 127 1 331 1 360 1 232 1 340 1 104 1 231 1 424 1 129 2 90 2 108 1 120 1
//IdTournes NbColis
40 6
//IdColis IdCommandeInColis NbProducts IdProd1 QtyProd1 IdProd2 QtyProd2 ...
90 22 5 393 1 207 1 106 1 309 1 206 1
169 43 17 64 1 446 1 472 1 350 1 363 1 736 1 227 1 368 1 443 1 295 1 437 1 343 1 408 1 225 1 283 2 394 1 447 1
261 85 15 446 1 288 1 350 1 159 1 345 1 183 1 295 1 180 1 394 1 335 1 382 1 102 1 181 1 168 2 274 1
112 27 7 181 2 420 1 160 2 250 1 689 1 690 1 481 1
146 36 15 140 2 455 3 386 1 347 1 136 1 131 1 294 1 124 1 105 1 232 1 383 1 116 1 104 1 216 1 228 1
171 44 11 223 1 353 1 257 1 282 1 209 1 276 1 210 1 212 1 111 1 99 1 106 1
//IdTournes NbColis
41 6
//IdColis IdCommandeInColis NbProducts IdProd1 QtyProd1 IdProd2 QtyProd2 ...
93 23 6 92 1 87 1 191 1 195 1 193 1 184 1
140 34 15 394 1 87 1 191 1 441 1 187 1 154 2 424 2 126 2 181 1 168 1 160 2 299 1 462 1 90 2 96 1
102 25 7 169 2 171 1 185 1 191 1 90 2 195 1 184 1
215 59 16 513 1 472 1 350 1 294 1 164 1 623 1 239 1 289 1 161 2 160 1 158 1 539 1 34 5 516 1 519 2 481 1
180 47 11 336 1 196 1 260 1 191 1 113 1 111 1 91 1 108 1 106 1 333 1 206 1
200 54 17 287 2 344 1 232 1 435 2 419 2 342 2 235 1 151 2 240 1 233 1 317 1 181 2 364 1 362 1 516 1 561 1 520 1
//IdTournes NbColis
42 6
//IdColis IdCommandeInColis NbProducts IdProd1 QtyProd1 IdProd2 QtyProd2 ...
103 25 11 178 2 143 3 140 1 127 1 406 3 134 1 421 1 386 1 201 1 405 1 210 1
222 62 13 118 1 426 1 136 1 360 1 234 1 314 1 286 1 284 1 123 1 429 1 318 1 311 1 95 1
258 83 17 227 1 344 1 234 1 145 1 116 1 345 1 231 1 132 1 191 1 128 2 417 1 451 1 181 3 168 1 277 1 96 1 109 2
267 88 12 141 1 288 1 293 1 227 1 222 1 234 1 282 1 132 2 204 1 249 1 444 1 91 1
117 29 11 178 1 143 1 140 2 281 1 134 1 421 3 157 1 386 2 347 3 131 1 649 1
128 31 15 223 1 127 2 346 2 293 1 421 1 136 1 294 1 232 1 242 1 231 1 247 1 183 2 419 2 295 1 180 1
//IdTournes NbColis
43 6
//IdColis IdCommandeInColis NbProducts IdProd1 QtyProd1 IdProd2 QtyProd2 ...
152 37 5 128 2 403 1 168 1 401 1 333 1
163 42 11 178 2 143 2 169 3 140 1 223 1 402 2 136 1 131 1 360 1 125 1 104 1
235 69 15 143 2 140 1 171 2 136 1 116 1 213 1 204 1 187 1 113 1 126 1 102 1 168 1 307 1 96 2 109 1
204 56 11 178 1 143 2 169 2 140 1 223 1 406 1 346 2 455 2 157 1 425 2 347 1
206 56 9 410 1 424 2 129 2 390 1 102 2 404 1 250 1 158 1 108 1
213 58 19 498 1 696 1 6 1 555 1 9 1 27 2 526 1 563 1 34 5 29 1 35 1 536 1 41 3 694 1 560 1 515 1 617 1 559 1 519 1
//IdTournes NbColis
44 6
//IdColis IdCommandeInColis NbProducts IdProd1 QtyProd1 IdProd2 QtyProd2 ...
183 48 3 192 1 99 1 106 1
246 75 12 98 1 573 1 146 1 430 1 123 1 212 1 111 1 552 1 107 1 99 1 106 1 208 2
272 90 10 537 1 635 1 548 1 485 1 493 1 556 1 487 1 33 1 492 5 491 4
201 54 12 685 1 6 1 17 1 679 1 27 1 55 1 50 3 30 1 34 5 15 2 43 1 8 1
270 89 20 639 1 7 1 17 1 633 1 497 1 636 1 27 3 525 1 42 1 33 1 30 2 34 5 40 1 20 2 43 1 29 1 35 1 22 1 41 2 481 1
274 92 13 288 1 579 1 227 1 344 1 234 1 226 1 292 1 289 1 408 1 341 1 153 1 370 1 375 1
//IdTournes NbColis
45 6
//IdColis IdCommandeInColis NbProducts IdProd1 QtyProd1 IdProd2 QtyProd2 ...
229 65 9 134 1 222 1 203 1 360 1 86 2 128 1 417 1 358 1 88 1
275 92 13 555 1 562 1 497 1 27 1 569 1 23 2 61 1 55 1 48 1 16 1 483 1 34 5 482 1
234 68 17 537 1 501 1 618 1 620 1 502 1 32 1 82 1 61 1 72 1 52 1 42 1 550 3 34 5 43 2 541 1 616 1 26 1
238 70 13 436 1 285 1 296 1 136 1 294 1 232 1 326 1 216 1 132 1 466 1 87 1 95 1 438 1
243 72 22 501 1 564 1 513 1 567 1 27 2 65 1 569 1 23 1 493 1 18 1 13 1 78 1 566 1 30 1 34 5 29 1 35 1 561 1 22 1 41 2 647 1 558 1
237 69 6 591 1 32 2 39 1 42 1 34 5 8 1
