//NbTournees
20
//IdTournes NbColis
0 6
//IdColis IdCommandeInColis NbProducts IdProd1 QtyProd1 IdProd2 QtyProd2 ...
0 1 18 166 1 317 1 168 1 403 1 407 1 165 1 520 1 265 1 254 1 526 1 401 1 158 1 161 1 306 1 521 1 290 1 145 1 137 1
34 10 21 312 1 313 1 292 1 397 1 254 1 173 1 245 1 282 1 422 1 419 1 416 1 346 1 425 1 211 1 427 1 428 1 252 1 134 1 244 1 210 1 183 1
111 34 24 491 1 93 1 397 1 290 1 209 1 320 1 192 1 308 1 496 1 495 1 57 1 493 1 338 1 61 1 264 1 64 4 8 1 10 1 17 2 11 2 12 2 13 2 24 1 38 1
115 37 27 317 1 313 1 304 1 223 1 306 1 357 1 316 1 456 1 367 1 343 1 449 1 506 1 73 1 47 1 14 1 67 1 99 1 64 5 8 1 10 1 68 2 17 2 11 2 12 2 13 2 24 1 38 1
1 1 17 150 1 282 1 209 2 357 1 364 1 251 1 261 1 184 1 176 2 287 1 222 1 114 2 324 1 284 1 348 1 194 1 402 1
18 5 12 164 1 140 1 345 1 302 1 187 2 120 1 125 2 246 1 240 1 202 2 213 1 283 1
//IdTournes NbColis
1 6
//IdColis IdCommandeInColis NbProducts IdProd1 QtyProd1 IdProd2 QtyProd2 ...
2 1 16 243 2 118 2 116 1 523 1 153 2 232 2 141 1 191 1 181 2 164 1 404 2 187 2 125 2 390 1 408 1 190 1
69 20 24 185 1 219 1 226 1 153 2 232 1 370 1 167 2 187 3 310 1 246 1 390 1 408 1 162 1 249 1 221 1 443 1 2 1 8 1 10 1 474 1 17 2 531 1 485 1 20 1
92 26 17 140 2 187 1 154 1 238 2 120 1 346 1 576 1 352 1 427 1 249 1 252 1 134 1 205 1 217 1 244 1 210 1 258 1
107 31 25 35 2 4 1 84 1 437 2 80 1 438 1 73 2 21 1 78 1 5 1 9 2 61 1 63 2 59 1 64 5 45 1 434 1 8 1 10 1 68 1 17 2 24 1 38 1 435 1 96 1
3 1 13 180 1 203 1 207 1 249 1 405 1 205 1 283 1 272 1 259 2 280 1 170 1 130 4 264 2
5 1 37 78 1 47 5 108 3 9 3 75 1 33 1 85 1 50 1 32 1 533 1 74 1 30 2 43 1 71 1 15 1 3 1 72 1 59 1 535 1 2 1 45 2 8 2 10 2 68 1 16 2 17 2 58 1 62 1 24 2 38 2 56 1 66 2 537 1 6 1 445 1 23 1 1 1
//IdTournes NbColis
2 6
//IdColis IdCommandeInColis NbProducts IdProd1 QtyProd1 IdProd2 QtyProd2 ...
4 1 24 605 1 450 1 28 1 528 1 594 1 527 1 49 1 411 1 409 1 69 1 530 1 410 1 529 1 76 1 4 2 84 1 48 2 65 2 73 2 52 1 31 2 515 1 21 1 78 1
31 8 38 90 1 536 1 450 1 430 1 253 2 100 1 57 3 80 2 110 1 73 2 98 1 9 1 75 1 51 2 50 1 82 1 59 1 64 5 45 1 97 1 8 1 10 1 68 2 489 1 17 2 58 1 62 1 478 2 471 1 38 1 24 1 56 1 66 2 102 1 537 1 476 1 20 1 1 1
33 9 27 448 1 95 1 111 1 28 1 107 1 366 1 402 1 326 1 368 1 57 2 73 1 447 2 104 1 74 1 14 1 30 1 44 1 94 1 42 1 64 5 8 1 10 1 68 1 17 2 38 1 24 1 432 1
15 4 34 411 1 530 1 41 1 60 1 80 1 73 1 477 1 75 1 29 1 85 1 588 2 77 1 494 1 27 2 470 1 61 1 70 1 82 2 59 2 45 2 10 1 8 1 474 1 475 2 16 1 17 2 471 1 22 1 472 1 469 1 19 5 18 4 433 1 1 1
42 12 27 93 1 430 1 80 1 31 2 108 2 29 1 85 1 104 1 30 1 443 1 3 1 86 1 439 1 440 1 99 1 45 1 8 1 10 1 17 2 436 1 38 1 24 1 446 1 6 1 433 1 96 1 1 1
45 13 25 610 1 559 1 575 1 561 1 69 1 569 2 65 2 110 1 31 1 98 1 78 1 108 1 565 1 50 1 83 1 44 2 67 1 54 1 82 1 58 1 62 1 567 1 56 1 66 1 102 1
//IdTournes NbColis
3 6
//IdColis IdCommandeInColis NbProducts IdProd1 QtyProd1 IdProd2 QtyProd2 ...
6 2 11 347 1 293 1 225 1 117 1 156 1 164 2 125 2 343 1 330 1 126 1 146 1
48 14 27 604 1 598 1 253 2 593 1 60 1 4 1 444 1 57 1 80 1 600 1 73 1 78 1 47 1 9 1 562 3 74 1 511 1 67 1 573 1 63 2 97 1 8 1 10 1 17 2 24 1 38 1 20 1
86 25 16 285 1 292 1 149 2 220 1 394 1 392 1 157 1 142 1 163 1 382 1 273 1 348 1 118 1 119 1 153 2 156 3
90 25 26 510 1 49 1 60 1 57 2 80 1 73 1 31 2 586 1 515 1 85 2 50 1 509 1 67 1 99 1 103 1 59 1 64 5 514 1 45 2 601 1 58 1 62 1 38 1 56 1 66 2 563 1
94 27 18 337 1 333 1 336 1 292 1 342 1 353 1 209 1 341 1 119 1 155 1 351 1 141 1 120 2 335 1 329 1 132 1 134 1 215 1
105 30 28 607 1 574 1 505 1 409 1 449 1 57 1 73 1 31 2 78 1 108 1 75 1 85 2 106 1 511 1 608 1 61 2 611 2 99 1 59 1 2 2 514 1 45 1 8 1 10 1 17 2 24 1 38 1 23 1
//IdTournes NbColis
4 6
//IdColis IdCommandeInColis NbProducts IdProd1 QtyProd1 IdProd2 QtyProd2 ...
7 2 30 7 1 312 1 304 1 306 1 364 1 305 1 365 1 185 1 232 1 367 1 229 1 310 1 488 1 240 1 239 1 249 1 5 1 14 1 2 1 8 1 10 1 17 2 11 2 12 2 13 2 24 1 445 1 487 1 20 1 1 1
60 17 25 243 1 327 1 229 2 386 1 404 1 187 3 238 1 530 1 390 1 529 1 504 1 540 1 444 1 548 1 8 1 10 1 17 2 11 2 12 1 13 1 24 1 446 1 553 1 433 1 1 1
72 21 35 430 1 248 1 592 1 173 1 245 1 92 1 251 1 172 1 237 1 240 1 234 1 427 1 249 1 252 1 244 1 600 1 73 1 5 1 108 2 75 1 77 2 63 2 599 1 440 1 603 1 64 1 490 1 8 1 10 1 17 2 602 1 24 1 38 1 19 5 18 4
95 27 28 556 1 313 1 397 1 538 1 308 1 354 1 185 1 178 1 238 1 546 1 541 1 545 1 427 1 547 2 252 1 244 1 183 1 470 1 3 1 471 1 555 1 552 1 468 2 551 1 26 2 558 1 19 5 18 4
112 35 25 366 1 426 1 173 1 206 1 222 1 49 1 501 1 504 1 517 1 322 1 76 1 5 1 85 1 51 1 64 4 45 1 8 1 10 1 17 2 11 2 12 2 13 2 24 1 38 1 1 1
11 3 35 7 1 36 1 450 1 34 1 76 1 79 1 57 1 73 1 5 1 29 1 51 1 14 1 43 1 443 1 67 1 81 1 63 1 64 5 2 1 8 1 10 1 68 1 17 2 58 1 62 1 478 1 11 2 12 2 24 1 38 1 13 2 56 1 66 2 435 1 445 1
//IdTournes NbColis
5 6
//IdColis IdCommandeInColis NbProducts IdProd1 QtyProd1 IdProd2 QtyProd2 ...
8 2 16 87 1 39 1 37 1 35 2 40 1 84 1 57 1 73 2 55 1 67 1 86 1 59 2 64 5 45 1 53 1 38 1
19 5 22 25 1 466 1 49 1 449 1 88 1 447 1 50 1 83 1 59 1 64 5 45 2 8 1 10 1 17 2 38 1 11 2 12 2 13 2 24 1 26 1 433 1 20 2
27 7 28 91 1 93 1 449 1 76 1 4 1 57 2 110 1 78 1 105 1 51 1 89 1 106 1 61 2 109 1 63 2 103 1 59 1 45 1 101 1 8 1 10 1 441 1 442 1 17 2 38 1 24 1 19 5 18 4
56 16 20 585 1 560 1 517 1 449 1 84 1 65 1 57 2 110 1 600 1 73 2 33 1 86 1 64 5 58 1 62 1 38 1 56 1 66 2 482 1 563 1
26 7 21 417 1 325 1 421 1 414 1 173 1 206 1 424 1 320 1 429 1 195 1 369 1 118 1 418 1 211 1 427 1 252 1 134 1 244 1 210 1 183 1 200 1
38 11 17 36 1 450 1 35 1 34 1 73 1 52 1 85 2 104 1 30 1 82 2 59 1 64 5 58 1 62 1 38 1 56 1 66 2
//IdTournes NbColis
6 6
//IdColis IdCommandeInColis NbProducts IdProd1 QtyProd1 IdProd2 QtyProd2 ...
9 3 16 361 1 356 1 464 1 366 1 395 2 397 1 293 1 290 1 391 1 235 1 357 1 198 1 230 3 287 1 114 1 238 1
51 15 22 308 1 177 1 295 1 243 2 185 1 326 1 327 1 314 1 174 1 164 1 302 1 291 1 188 1 328 1 438 1 548 1 8 1 10 1 17 2 24 1 433 1 1 1
13 4 15 299 1 216 1 385 1 292 1 135 1 387 2 247 1 242 2 214 1 304 1 379 1 158 1 142 1 389 2 463 1
29 8 19 315 1 235 1 282 1 198 2 184 1 176 2 287 1 172 1 233 1 119 1 185 1 326 1 218 1 232 1 227 1 229 1 367 1 191 1 164 1
37 11 21 479 1 361 1 248 1 464 1 395 1 175 1 304 1 245 1 251 1 460 1 191 1 187 2 246 2 14 1 8 1 10 1 17 2 11 2 12 2 13 2 24 1
39 12 14 166 2 182 1 395 2 397 1 242 2 254 1 220 1 223 1 275 1 294 1 163 1 306 1 145 2 291 1
//IdTournes NbColis
7 6
//IdColis IdCommandeInColis NbProducts IdProd1 QtyProd1 IdProd2 QtyProd2 ...
10 3 17 114 1 295 1 316 1 348 1 195 1 189 1 327 1 140 1 187 1 238 1 125 2 202 2 452 1 350 1 272 1 148 1 258 1
55 16 16 319 1 189 1 178 1 229 2 191 1 156 1 164 2 311 1 154 2 239 1 5 1 15 1 8 1 10 1 17 1 24 1
93 26 25 591 1 560 1 561 1 4 1 447 2 590 1 75 1 44 1 67 1 63 1 59 1 45 1 8 1 10 1 17 2 582 1 11 2 12 2 13 2 24 1 38 1 563 1 19 4 18 3 20 1
61 17 21 513 1 49 1 449 1 76 1 57 2 47 3 568 1 509 1 571 1 74 1 30 1 67 1 573 1 63 2 72 1 94 1 45 1 97 1 68 1 38 1 96 1
65 19 20 402 1 243 2 185 1 174 1 193 1 367 1 310 1 240 1 576 1 307 1 239 2 322 1 9 1 8 1 10 1 17 1 471 1 24 1 433 1 23 1
109 32 24 111 1 397 1 465 1 402 1 326 1 252 1 244 1 65 1 447 1 480 1 15 1 109 1 45 2 58 1 62 1 473 1 467 1 56 1 66 2 481 1 468 2 476 1 19 5 18 4
//IdTournes NbColis
8 6
//IdColis IdCommandeInColis NbProducts IdProd1 QtyProd1 IdProd2 QtyProd2 ...
12 4 2 118 1 125 1
20 6 13 334 1 135 1 331 1 118 2 125 2 202 2 268 1 203 2 205 2 131 2 374 1 260 1 371 5
32 9 14 323 1 356 1 304 1 223 1 306 1 160 1 412 1 415 1 420 1 113 1 234 1 268 1 203 1 413 1
35 10 17 431 1 92 1 49 1 60 2 444 1 57 1 108 1 45 1 8 1 10 1 17 2 38 1 11 1 24 1 19 4 18 3 1 1
44 13 26 175 1 396 1 538 1 539 1 172 1 237 1 189 1 402 1 178 1 191 1 310 1 427 1 428 1 252 1 244 1 183 1 437 1 550 1 21 1 5 2 470 1 15 1 468 2 446 1 19 4 18 3
46 14 19 168 1 173 1 192 1 196 1 114 2 177 2 233 1 241 1 143 1 195 1 194 1 189 1 118 1 119 1 116 1 185 1 117 1 232 2 193 1
//IdTournes NbColis
9 6
//IdColis IdCommandeInColis NbProducts IdProd1 QtyProd1 IdProd2 QtyProd2 ...
14 4 19 580 1 340 2 380 2 192 1 462 1 365 1 459 1 314 1 141 1 456 1 140 3 154 1 310 1 335 1 211 1 277 1 252 1 134 1 210 1
23 6 11 524 1 190 1 188 1 350 1 239 3 277 1 278 1 355 1 207 1 152 3 338 1
103 30 17 142 1 306 1 500 1 176 1 288 1 348 1 243 2 155 1 400 1 327 1 174 1 232 3 138 2 229 2 156 1 140 1 345 1
28 8 15 166 1 285 1 168 1 403 1 186 2 395 1 135 1 173 1 220 1 158 1 236 1 157 2 389 1 521 2 151 1
40 12 12 150 2 230 3 176 4 195 1 319 1 402 1 243 2 232 4 370 1 181 1 140 2 130 1
41 12 15 140 2 302 1 187 2 125 2 240 1 250 2 202 2 234 1 188 2 239 2 126 1 152 1 133 1 130 2 260 1
//IdTournes NbColis
10 6
//IdColis IdCommandeInColis NbProducts IdProd1 QtyProd1 IdProd2 QtyProd2 ...
16 5 15 325 1 395 1 135 1 247 3 377 1 304 1 223 1 157 1 161 2 163 1 306 1 340 1 209 1 357 1 320 1
50 15 16 597 1 166 1 430 1 298 1 182 2 247 2 242 1 175 1 304 1 223 1 306 1 320 1 176 2 172 1 152 1 1 1
68 20 19 166 1 317 1 430 1 534 1 366 1 304 1 223 1 161 1 306 1 315 1 192 1 222 1 308 1 225 1 519 1 241 2 194 1 243 1 24 1
83 24 18 176 2 309 1 519 1 288 1 237 1 289 1 232 1 229 1 156 2 164 2 140 1 345 1 303 1 187 2 238 2 278 1 146 1 152 2
102 30 14 166 2 299 1 182 2 186 2 292 1 366 1 395 1 383 1 377 1 242 1 304 1 158 1 223 1 460 1
17 5 12 192 1 176 3 324 1 194 1 243 3 116 1 185 1 153 2 117 1 232 4 181 1 164 3
//IdTournes NbColis
11 6
//IdColis IdCommandeInColis NbProducts IdProd1 QtyProd1 IdProd2 QtyProd2 ...
21 6 16 166 1 323 1 312 1 522 1 325 1 395 1 149 1 242 2 220 1 223 1 142 1 382 1 340 2 150 1 235 1 357 1
22 6 15 176 4 287 1 225 1 189 1 402 1 243 2 460 1 400 1 226 1 153 2 178 1 229 3 156 1 187 1 349 1
82 24 18 166 1 285 1 361 1 325 1 395 1 242 1 304 1 220 1 158 2 293 1 161 1 245 1 315 1 340 1 150 1 230 1 176 1 160 1
100 29 15 366 1 395 1 304 1 223 1 275 1 306 1 497 1 391 1 364 1 251 1 362 1 232 1 164 2 303 1 125 2
108 32 10 461 1 455 1 293 1 237 1 119 1 117 1 302 1 458 1 134 1 210 1
54 16 15 166 1 182 2 361 1 186 2 395 2 158 2 161 1 457 1 357 1 230 2 288 1 177 1 365 1 15 1 17 1
//IdTournes NbColis
12 6
//IdColis IdCommandeInColis NbProducts IdProd1 QtyProd1 IdProd2 QtyProd2 ...
24 6 30 36 1 25 1 510 1 34 1 430 1 195 1 194 1 326 1 404 1 246 2 250 1 504 1 249 1 368 1 449 1 31 1 511 1 43 1 44 1 439 1 42 1 2 1 8 1 10 1 17 2 471 1 532 1 38 1 24 1 433 1
101 29 21 513 1 449 1 60 1 73 1 78 1 512 1 108 1 33 1 61 1 109 1 518 1 103 1 59 2 8 1 10 1 17 2 508 1 38 1 433 1 1 1 96 1
114 36 18 510 2 516 1 84 1 9 1 85 1 43 1 3 1 70 2 99 1 45 1 8 1 10 1 68 1 17 2 38 1 507 1 26 1 23 1
84 24 19 513 1 430 1 248 1 581 1 247 1 192 1 195 1 369 2 409 1 583 1 250 1 368 1 584 1 21 1 9 6 8 1 10 1 17 2 445 1
110 33 26 484 1 366 1 173 1 209 1 119 1 302 1 234 1 190 1 211 1 252 1 134 1 210 1 50 1 59 1 490 1 8 1 10 1 17 2 486 1 11 2 12 2 13 2 24 1 38 1 19 5 18 4
89 25 18 404 2 187 2 246 1 239 2 355 1 249 1 368 1 447 1 5 2 8 1 17 2 596 1 471 1 24 1 507 1 553 1 595 1 1 1
//IdTournes NbColis
13 6
//IdColis IdCommandeInColis NbProducts IdProd1 QtyProd1 IdProd2 QtyProd2 ...
25 6 8 87 1 46 2 65 3 73 3 78 2 50 1 54 1 45 1
43 13 19 159 1 171 1 112 1 147 1 123 1 155 1 141 1 160 1 120 1 125 1 139 1 121 1 162 1 132 1 134 1 126 1 146 1 115 1 151 1
98 28 24 313 1 395 1 397 1 426 1 396 1 196 1 316 1 194 1 189 1 402 1 360 1 390 1 368 1 65 1 64 5 8 1 10 1 17 2 11 2 12 2 13 2 24 1 38 1 20 1
52 15 19 606 1 450 1 513 1 591 1 449 1 60 2 587 2 65 1 57 2 600 1 47 1 67 1 61 1 99 1 59 2 64 2 45 2 68 1 38 1
63 19 12 292 1 297 1 254 1 114 2 295 1 153 2 156 1 286 1 276 1 213 2 272 1 130 1
66 19 21 585 1 49 1 584 1 48 1 586 1 47 1 75 2 85 1 50 1 74 1 589 1 30 2 63 2 99 1 68 1 58 1 62 1 38 1 56 1 66 2 102 1
//IdTournes NbColis
14 6
//IdColis IdCommandeInColis NbProducts IdProd1 QtyProd1 IdProd2 QtyProd2 ...
30 8 8 302 1 525 1 154 1 125 1 246 1 202 1 483 1 260 1
79 23 27 317 1 312 1 397 1 321 1 519 1 324 1 194 1 318 1 367 1 542 1 427 1 252 1 244 1 543 1 549 1 5 1 8 1 10 1 17 2 531 1 11 2 12 2 13 2 24 1 557 1 19 4 18 3
91 26 19 363 1 358 1 173 1 332 1 245 1 538 1 391 1 320 1 578 1 308 1 309 1 225 1 305 1 369 1 195 1 189 1 119 1 344 1 370 1
47 14 13 191 1 238 2 122 1 204 1 250 1 113 1 202 1 190 1 239 2 162 1 129 1 179 1 130 1
49 15 16 149 2 282 1 114 2 117 1 140 3 120 1 125 2 271 1 148 1 124 2 131 1 127 1 128 1 136 1 130 1 258 1
58 17 11 160 1 164 2 140 3 167 1 154 1 203 1 126 1 271 2 152 1 373 1 130 1
//IdTournes NbColis
15 6
//IdColis IdCommandeInColis NbProducts IdProd1 QtyProd1 IdProd2 QtyProd2 ...
36 11 7 337 1 254 2 453 1 341 1 140 1 120 2 146 1
67 20 19 216 1 206 1 209 1 118 1 119 1 212 1 141 1 125 1 202 1 197 1 199 1 203 1 132 1 207 1 205 1 217 1 213 2 215 1 130 2
53 16 13 135 1 257 1 144 1 145 1 209 1 454 1 114 1 273 1 119 1 138 1 125 2 451 1 338 1
57 17 18 376 1 292 1 135 1 149 1 223 1 157 1 142 1 161 1 163 2 222 1 225 2 114 1 273 1 169 1 348 1 372 1 375 1 133 1
71 21 13 224 1 228 1 220 1 209 1 226 1 141 1 211 1 134 1 217 1 213 1 210 1 201 1 200 1
73 22 16 381 1 378 2 383 1 254 1 208 1 293 1 275 1 294 1 163 1 384 1 225 1 288 1 273 2 281 1 116 1 153 2
//IdTournes NbColis
16 6
//IdColis IdCommandeInColis NbProducts IdProd1 QtyProd1 IdProd2 QtyProd2 ...
59 17 18 554 1 430 1 299 1 407 1 186 1 385 1 395 1 247 1 304 1 306 1 230 1 192 1 176 1 388 1 362 1 402 1 243 2 229 1
75 22 15 544 1 407 1 398 2 186 2 247 1 399 2 304 1 406 1 389 1 245 1 301 1 237 1 319 1 189 1 187 1
76 22 18 402 1 318 1 326 1 327 1 232 1 229 1 311 2 302 1 238 1 250 1 239 3 368 1 300 1 2 1 8 1 10 1 17 2 24 1
64 19 19 323 1 299 1 312 1 313 1 325 1 397 1 247 1 242 1 306 1 230 1 176 3 577 1 579 1 324 1 316 1 305 1 194 1 4 1 17 1
88 25 16 359 1 182 1 356 1 366 1 395 3 426 1 357 1 241 1 195 1 362 1 360 1 400 1 174 1 229 3 191 1 10 1
62 18 8 231 1 149 1 208 1 214 1 176 2 114 1 187 2 246 1
//IdTournes NbColis
17 6
//IdColis IdCommandeInColis NbProducts IdProd1 QtyProd1 IdProd2 QtyProd2 ...
70 20 4 510 1 494 1 492 1 68 1
85 24 10 73 1 515 2 47 1 50 1 74 1 67 1 61 2 97 1 68 1 537 1
74 22 9 156 2 164 2 269 1 120 1 202 1 207 1 276 1 152 3 148 1
77 22 14 93 1 49 1 449 1 73 1 47 1 108 2 75 1 564 2 50 2 562 1 32 1 43 1 45 2 38 1
78 23 23 228 1 263 1 262 1 171 1 267 1 257 1 256 1 169 1 155 1 116 1 120 1 125 1 211 1 277 1 270 1 296 1 134 1 205 1 210 1 279 1 201 1 130 1 258 1
80 23 16 609 1 574 1 591 1 560 1 496 1 79 1 569 1 84 1 495 1 57 1 108 1 565 1 85 2 572 1 42 1 38 1
//IdTournes NbColis
18 6
//IdColis IdCommandeInColis NbProducts IdProd1 QtyProd1 IdProd2 QtyProd2 ...
81 24 11 266 1 274 1 116 1 117 1 120 1 125 2 268 1 255 1 272 1 130 1 260 1
87 25 8 156 1 164 2 345 1 154 1 339 1 202 1 205 1 130 2
96 27 14 46 1 65 1 57 2 31 1 512 1 51 1 50 1 58 1 62 1 56 1 66 2 566 1 563 1 570 1
97 28 14 299 1 304 1 220 1 223 1 306 1 357 1 393 1 176 2 225 1 288 1 232 2 140 3 303 1 125 3
99 28 4 110 1 86 1 573 1 82 1
104 30 7 187 3 154 1 125 2 202 3 291 1 239 3 152 3
//IdTournes NbColis
19 2
//IdColis IdCommandeInColis NbProducts IdProd1 QtyProd1 IdProd2 QtyProd2 ...
106 31 7 426 1 173 1 423 1 195 1 327 1 311 1 200 1
113 36 12 503 1 285 1 498 1 499 1 325 1 397 1 304 1 502 1 245 1 462 1 319 1 318 1
